Mutation,Order 1,Order 2,Order 3,Order 4,Order 5,Order 6,Order 7,Order 8,Order 9,Order 10,Order 11,Order 12,Order 13
Mut 1,0.022897407360108757,0.03841763481014449,0.04694572862696906,0.05661651276644766,0.07315838312303057,0.07455083612445837,0.08843662450541474,0.08771645948339246,0.11305979209290462,0.1434040910626808,0.15315121240818097,0.06689455873172998,0.03475075890453764
Mut 2,0.10592507119431643,0.09440701927176964,0.06792377746122014,0.07487772548392158,0.06396072530652058,0.09091423883658363,0.08235406917903249,0.0676401379062278,0.05742103648489404,0.06407999650540641,0.05436466355877219,0.12357260229844377,0.05255893651289144
Mut 3,0.11118961839300745,0.12151048003757951,0.15277452398799074,0.1615035265375105,0.14105205810301133,0.11383353491026359,0.08827845597845804,0.06108624977283695,0.03324372635410792,0.012533526687218102,0.0027064165850886504,0.00028760733859059507,2.7531433648541055e-07
Mut 4,0.22100589082563715,0.17601174979460077,0.12216755372943369,0.06844844738223282,0.029522865894592454,0.01722071724145029,0.006402712613348478,0.00548485504621969,0.0019499267108344783,0.001192071473883884,0.0005262989223011424,0.24028437247130224,0.10978253789416297
Mut 5,0.1710273158091419,0.12790604363915797,0.12699814697667375,0.11670662391386862,0.08873444808958282,0.09533302093586143,0.07706268677048025,0.05189027043707849,0.03195953361147828,0.05558767036877397,0.019746486191293655,0.03498025779783782,0.002067495458770913
Mut 6,0.010248486516949045,0.01171550766253772,0.022486537045074168,0.03260793005787043,0.05035914106610461,0.06743780333626222,0.10110604073967125,0.11391464913319758,0.14348079258166235,0.15684469720153735,0.17438088202599394,0.07776023616351509,0.03765729646962442
Mut 7,0.1586887018479746,0.1270956523448491,0.1520302081352307,0.13711275738108294,0.10074767844877214,0.09985133652717391,0.07486633209247363,0.042512724310114776,0.03314335168447328,0.02687607860193113,0.01921235823110717,0.014691284848191613,0.013171535546624907
Mut 8,0.027052902349425225,0.05420954327264883,0.0561107931043386,0.05868351700076183,0.07754465297307853,0.05029335159908544,0.04573746988205526,0.04847350796486889,0.05013598536583826,0.04345989074286561,0.08397149040900367,0.06908234128795293,0.335244554048077
Mut 9,0.0077050360927925785,0.02898737820187105,0.033665363050023746,0.04868410727160669,0.10022197150926412,0.08340161869017981,0.10783322919746482,0.12079235755498725,0.15285080139267693,0.18508344859730666,0.10143070817774741,0.023860044338071932,0.005483935926006849
Mut 10,0.00360327174164206,0.019940810017039824,0.023563160177226868,0.028752950810529136,0.04507774408053791,0.027908287604969193,0.03019744309272962,0.043879527444740905,0.059885536998255655,0.07449302611173651,0.22259658769946267,0.13416633248345583,0.2859353217376736
Mut 11,0.12920580457067898,0.12307283348865279,0.1042322671777026,0.09575515053946065,0.04077150965421422,0.09811555989224205,0.08133953229769755,0.06825344886729702,0.0320146969511636,0.019081606055359267,0.01501798716607235,0.11252915445976501,0.08061044887969393
Mut 12,0.010828229565171316,0.051067220498982976,0.05549762314099587,0.0743242919743327,0.12299778456284385,0.10665923666269302,0.1286171280243723,0.17055565772617903,0.14586569026779697,0.08966815126199497,0.03246840662172371,0.010188917456759582,0.0012616622361536674
Mut 13,0.020622263733154553,0.025658126960165135,0.03560431738711988,0.04592645888037426,0.06585103718844701,0.07448045763877696,0.08776827562680156,0.11780015435285915,0.14498912950391343,0.12769574532930533,0.12042650200325253,0.09170229032438379,0.041475241071446206
