Mutation,Order 1,Order 2,Order 3,Order 4,Order 5,Order 6,Order 7,Order 8,Order 9,Order 10,Order 11,Order 12,Order 13
Mut 1,0.03018350498711975,0.04111657504221583,0.05101813493088916,0.058478569053591646,0.06584476658218366,0.07395750816276926,0.08380543928908825,0.09572256790305088,0.1159033297624993,0.14161945945494295,0.1418942051433175,0.06042080211067457,0.04003513757765735
Mut 2,0.08101790997606462,0.07064718077561326,0.06952723065272645,0.0767866294782528,0.08214776213640501,0.082877557050383,0.07789835544174031,0.07410018141470492,0.07196706210626211,0.0702940128519797,0.08498946737475731,0.10401026317166835,0.053736387569441914
Mut 3,0.12095177481822973,0.12827088686113264,0.1419921200049602,0.14688531794021725,0.13934349219778439,0.11890366336066352,0.09170828600765912,0.06148764417222591,0.03369138157159283,0.013396099943331,0.003040718101415089,0.00032845020626671284,1.6481452187417608e-07
Mut 4,0.22822267002541663,0.17515841724008133,0.12422063883536015,0.07614101056846294,0.04086491928074062,0.018675908370968216,0.00817291423260793,0.003851942662062044,0.0016923760490456133,0.0007348733102615335,0.0024360240410784503,0.12407068294621379,0.19575762243770078
Mut 5,0.16878299586972387,0.14291910076057385,0.12299135744895474,0.11217090146017279,0.09969485499410263,0.08583455103634278,0.07188152184785954,0.05865519093403724,0.04568748948732624,0.03683284486400015,0.03448870936410589,0.018572084023914748,0.0014883979088855634
Mut 6,0.00892551140943355,0.013931197773884556,0.021097850687247018,0.030722797849326397,0.04465042889567518,0.06504702653047312,0.09401768691126029,0.11617750556068987,0.13649311399768985,0.17134804382451932,0.16769891408630094,0.09554232177675766,0.03434760069674229
Mut 7,0.1422522547108812,0.14312359081850617,0.13314323699887837,0.12337582981122971,0.11000819369178248,0.09394338637178413,0.07421982308260296,0.05605486277084209,0.04223696381484785,0.03207885022745394,0.0232019401693881,0.01423223293062325,0.012128834601179916
Mut 8,0.03488068274862525,0.0471457844280753,0.05627338621998038,0.059232526017899564,0.05847644598508892,0.05594042518070065,0.050458492119004834,0.046420377574985607,0.04214835231552165,0.03961950108639205,0.07572723657633851,0.09412453605686862,0.33955225369051856
Mut 9,0.023053182926712715,0.03152621265175541,0.04191431366489916,0.05426526932591619,0.06958988733635146,0.08985201722066612,0.11368257324274761,0.13532953162847616,0.15428718619969192,0.1575066420609321,0.09726651772679647,0.026138390476059144,0.00558827553899565
Mut 10,0.009117395767713268,0.018927377467443537,0.027686164178076678,0.03335193854936505,0.03558124167657317,0.035561463284020024,0.036114827402514406,0.04068075844019181,0.054861780915891535,0.09088913621367359,0.18973898365630917,0.23039110207104516,0.1970978303771825
Mut 11,0.08702918197709819,0.09563290232516,0.09713752726263362,0.09811893033189886,0.09755471572215466,0.09079100590420747,0.07469779655284521,0.055295364917874026,0.03855353252981824,0.0281375386329313,0.0341362862423555,0.13062855560148098,0.07228666199954191
Mut 12,0.04309403474883361,0.06288965143302198,0.07662895077691438,0.08444832134281446,0.09626797024472254,0.11207632436350937,0.1299796318802005,0.1436047513760215,0.12746518691040018,0.08084691872705138,0.03309434597645222,0.008375169518464348,0.0012287427015933317
Mut 13,0.022488900034147528,0.028711122422536282,0.03636908833847973,0.04602195827085252,0.059975321256435184,0.07653916316351243,0.09336265198986894,0.11261932064483786,0.13501224433941267,0.13669607880253107,0.11228665154138462,0.09316540910996272,0.046752090086038395
