Mutation,Order 1,Order 2,Order 3,Order 4,Order 5,Order 6,Order 7,Order 8,Order 9,Order 10,Order 11,Order 12,Order 13
Mut 1,0.03176687785980552,0.037882993980581196,0.046829735016443705,0.05554287637968053,0.06494068791033178,0.07410807120283032,0.08397773853027438,0.09395746696932383,0.11679093276209887,0.1458220973929797,0.1471747926715038,0.05534382394424392,0.045861905379902555
Mut 2,0.11664683175380354,0.08913449922611286,0.07477046668276931,0.07233429628593158,0.07340036675451649,0.0722682088429284,0.06591187044121478,0.058404462113366445,0.05077152076604545,0.045672146256895245,0.06490850545378857,0.11583549434651637,0.09994133107611067
Mut 3,0.09412430533076609,0.11752297832634002,0.1403037074333022,0.15131953550065097,0.14852309296450739,0.12978818703003625,0.10070524110294492,0.0672600547002434,0.035151073286700425,0.012645024300478667,0.0024594500956326296,0.00019723588710633184,1.1404129063232492e-07
Mut 4,0.24316528418102543,0.17348155465005993,0.11989186715316634,0.07522080652328032,0.04018998850288801,0.018599551805175345,0.008435535024613406,0.0037201091825459823,0.0012270489442502452,0.0002788060941699393,0.0004093370891860855,0.046350466034167315,0.26902964481547154
Mut 5,0.13781094642835542,0.13037133730491346,0.12457014463722188,0.12063874317859109,0.11072018691102051,0.09218255057756822,0.06863210064199937,0.04698403541856391,0.03056780012071308,0.023648007565354373,0.039742863876436364,0.05929628749146326,0.014834995847799008
Mut 6,0.007357496750780143,0.011845232279776585,0.01868510237007791,0.028006757527071807,0.042756906272140155,0.06387962113674797,0.09529243653433785,0.12377592465009254,0.1478309023294911,0.1764315371830879,0.16534225436420494,0.08433895056536159,0.03445687803682967
Mut 7,0.1342222571273368,0.13198179157232878,0.12064783581408504,0.11157931831053265,0.10149788318872854,0.09240096261243942,0.07862822177247862,0.06368538224522341,0.049905998918922806,0.03983990178192773,0.02939729279562638,0.02046924330276057,0.025743910557609145
Mut 8,0.059832381946495185,0.05330609708889131,0.0547676699894845,0.05699224734195,0.05826201172647865,0.05755961877050392,0.05448386456249784,0.053065069436868596,0.051519962173311035,0.04984067614208726,0.07349887660626601,0.17017557282965673,0.20669595138550892
Mut 9,0.030477846968274325,0.030770615326228812,0.034200050969375125,0.041411086156385425,0.054815482337863146,0.07674763070054492,0.1082699839146555,0.1399085024948297,0.1663684068829109,0.1776230889086072,0.10837804453884942,0.027170932055818435,0.0038583287456568694
Mut 10,0.015180835016866947,0.02043855872393991,0.025822307592644995,0.03132286644366027,0.03611981334244063,0.03878846367225165,0.040241386397892806,0.044919352552592905,0.05806344744825471,0.09034344260341057,0.19572756156245935,0.2678241436817031,0.13520782096188227
Mut 11,0.09335883301423835,0.1254406834895335,0.13461415968620966,0.1298319255887516,0.1148904360956105,0.09224066210043365,0.06349888832084269,0.037761914171261846,0.020328595614045625,0.010812922695187653,0.011410203713691182,0.06357501265907299,0.10223576285112093
Mut 12,0.014826402477110893,0.052238268394449894,0.07313817479055607,0.08620897199152672,0.1009939097124818,0.1193480720798383,0.1377480345822107,0.14966221103495195,0.12995401968160425,0.08310512503409646,0.03748743503763452,0.01236716102616989,0.0029222141573689133
Mut 13,0.02122970114514124,0.025585389636843547,0.03175877786466329,0.03959056877198703,0.05288923428099254,0.07208839946870164,0.09417469817403722,0.11689551503013539,0.14152029107165148,0.1439372240417173,0.12406338219472089,0.07705567617595961,0.05921114214344869
