Mutation,Order 1,Order 2,Order 3,Order 4,Order 5,Order 6,Order 7,Order 8,Order 9,Order 10,Order 11,Order 12,Order 13
Mut 1,0.03770185690725953,0.051317487480965054,0.06096154469207837,0.06585064911855115,0.051551686996687135,0.06489270143406443,0.07731382826698524,0.09109128862305609,0.11618246663257341,0.1469885291050091,0.12416554145719695,0.06151308908472004,0.05046933020085318
Mut 2,0.028449187515391855,0.04422312464462706,0.05941935018395859,0.07473899348754845,0.10619986959324851,0.09996066491968299,0.09526597610306194,0.08551934612047005,0.06961622375219803,0.05309954618412411,0.11881602714534249,0.11422701917359662,0.05046467117674928
Mut 3,0.14504449182544865,0.1286660516095139,0.12708407395938157,0.12922849178595278,0.11625118980598327,0.12113519293960787,0.10364531119448264,0.07261854240797183,0.039074879961154836,0.014317798117907192,0.0026081447531736803,0.0003252877598939511,5.438795281361522e-07
Mut 4,0.22162156137882674,0.17839320593428343,0.12926095368955035,0.08295142141225985,0.0612560367571113,0.02995523436381741,0.013603837848177008,0.0060022742502723716,0.001971015711854464,0.00038062666146493806,0.003398809259844719,0.1177885177556039,0.15341650497693363
Mut 5,0.18021233529040734,0.14509652670174783,0.11757469070012906,0.10016277634820125,0.10548216422986696,0.08879466220857218,0.06998281052862987,0.05024671998455614,0.03153882918988105,0.02087191649798723,0.06474780708699843,0.02382586169740959,0.0014628995356130018
Mut 6,0.009603416959856913,0.01576652709001895,0.023779211233537663,0.03397428701133293,0.03455386760489736,0.053233529213926836,0.08152868279023663,0.11329982751809954,0.14749288767084903,0.18388338777967284,0.15503250362684975,0.1090967387202259,0.0387551327804958
Mut 7,0.1281461960952799,0.13722826533782814,0.1356528329993708,0.12689271439925107,0.09716301537597519,0.0859938476939635,0.07358579411120993,0.061735140197908094,0.04904218480665923,0.03864296334990254,0.034678121789619126,0.019522979872636365,0.01171594397039617
Mut 8,0.02587111607072504,0.04744003970787983,0.06420334285234479,0.06891496681017821,0.03816640780027016,0.04487223726108969,0.04785989915267853,0.051123631471654524,0.05262497461148513,0.05238594947053461,0.0478749617606658,0.05655840647930532,0.40210406655118847
Mut 9,0.04037164807360027,0.0532151522512712,0.06787946157223103,0.08372738065463209,0.041595112081651,0.06098856133431984,0.09143300883161362,0.12440416726841892,0.151164510007132,0.15989522778194915,0.08441405194537915,0.030083660306212973,0.010828057891588855
Mut 10,0.013058355536533844,0.024013366210534626,0.03534117362237127,0.04318928384671976,0.02792590389328996,0.03380101927353898,0.03816917485039439,0.04558418275855492,0.06419432074747289,0.10539312224774885,0.16983549764452244,0.20038485387476365,0.19910974549355445
Mut 11,0.03347615293421526,0.03834419746332659,0.04434225211339425,0.052779424879383065,0.19201972616249147,0.1530270565103347,0.10758743145589925,0.06560647055266287,0.03545552096568839,0.017861874885444294,0.06907023403247303,0.1543491415655568,0.03608051647912997
Mut 12,0.1100799719829101,0.10200803444672998,0.0915598784938775,0.08339843953304828,0.07262302028094877,0.09356468418958169,0.11083816112908636,0.12051528212904387,0.10524428492133094,0.06796928798722025,0.03066291422789062,0.009841514042306867,0.0016945266360248758
Mut 13,0.026363709429544517,0.034288021121273354,0.04294123388777488,0.054191170712941265,0.055211999417579,0.06978060865749985,0.0891860837375446,0.11225312671733084,0.13639790102172059,0.13830976993103491,0.09469538527004379,0.1024829296677681,0.0438980604279443
