Mutation,Order 1,Order 2,Order 3,Order 4,Order 5,Order 6,Order 7,Order 8,Order 9,Order 10,Order 11,Order 12,Order 13
Mut 1,0.03770185690725954,0.051317487480965054,0.06096154469207838,0.06585064911855115,0.06735245778029621,0.07002008699803976,0.0765229628009548,0.08899486144568039,0.10557910015397369,0.13905789088340384,0.13996045124217354,0.06851210302088834,0.028168547475735252
Mut 2,0.028449187515391862,0.044223124644627056,0.05941935018395859,0.07473899348754844,0.0819933840999943,0.08331601334280857,0.08419767816502512,0.09234973375326062,0.10730507314632404,0.1036561875010569,0.09698777682533453,0.09637318113845428,0.04699031619621567
Mut 3,0.14504449182544862,0.1286660516095139,0.12708407395938154,0.12922849178595278,0.129720453554305,0.12065811642452821,0.09830224248052055,0.06657461607633333,0.036575206742826785,0.014384982325499687,0.003369019508796138,0.0003921317021890855,1.22004704688388e-07
Mut 4,0.22162156137882666,0.17839320593428346,0.12926095368955035,0.08295142141225983,0.04952505671344228,0.027261252981732858,0.013321335686855765,0.006556011585516363,0.0041495365049378785,0.003706691141234607,0.010301609798465573,0.18610947702275826,0.08684188615013617
Mut 5,0.1802123352904074,0.14509652670174786,0.11757469070012906,0.10016277634820125,0.08895136632521615,0.08111223227178238,0.07449595097453414,0.06925918712708136,0.0622786553615284,0.04686875554632316,0.02581068337969511,0.007534103985853459,0.0006427359875005183
Mut 6,0.009603416959856913,0.015766527090018953,0.023779211233537663,0.03397428701133293,0.046079500904227154,0.06234505546199038,0.0832285268203358,0.10288913549516787,0.125189966238297,0.17248194834188554,0.1796793306138592,0.10470757862490822,0.040275515204582564
Mut 7,0.12814619609527989,0.13722826533782817,0.1356528329993708,0.12689271439925107,0.11222712975309916,0.09461986558421663,0.07530276942205565,0.05716961620370929,0.04250147133764794,0.031781066162158145,0.024170338468262453,0.01794522306034932,0.016362511176771663
Mut 8,0.02587111607072504,0.047440039707879834,0.06420334285234479,0.06891496681017821,0.06542749054038961,0.05843707794103384,0.05047141707395454,0.043355683240219614,0.037880603484966545,0.038401233606853685,0.08967646966770053,0.07816717524108573,0.3317533837626681
Mut 9,0.04037164807360026,0.05321515225127121,0.06787946157223103,0.08372738065463209,0.09687931298049873,0.10885308734488854,0.11683159515445873,0.11840813215848689,0.12124002357840737,0.11024618877511834,0.06288665834832424,0.016339254081717703,0.0031221050263646483
Mut 10,0.01305835553653384,0.024013366210534626,0.03534117362237127,0.04318928384671975,0.044778636697241594,0.041357900649877676,0.03867089101718606,0.04057730119266732,0.05260234239625982,0.08929869377255045,0.16668934950782469,0.14699024895803087,0.2634324565922018
Mut 11,0.03347615293421527,0.0383441974633266,0.04434225211339425,0.052779424879383065,0.06326311734171348,0.07220006357942627,0.07581415748388949,0.07784070694226673,0.08157130135506271,0.06609837395717058,0.07093856341747488,0.17647269536345978,0.146858993169217
Mut 12,0.1100799719829101,0.10200803444672998,0.0915598784938775,0.08339843953304828,0.08433372286433555,0.0938940189816577,0.11061508389463431,0.12075535341718957,0.10273503255488581,0.06412802778061115,0.028204224097346086,0.007811991007794415,0.0004762209449794151
Mut 13,0.026363709429544524,0.03428802112127336,0.04294123388777488,0.05419117071294126,0.06946837044524096,0.08592522843801725,0.10222538902559518,0.11526966136242062,0.12039168714488198,0.1198899602061339,0.10132552512474306,0.09264483679251057,0.03507520630892232
