,1,1,2,3,4,5,6,7,8,9,10,11,12,13,1 2,1 3,1 4,1 5,1 6,1 7,1 8,1 9,1 10,1 11,1 12,1 13,2 3,2 4,2 5,2 6,2 7,2 8,2 9,2 10,2 11,2 12,2 13,3 4,3 5,3 6,3 7,3 8,3 9,3 10,3 11,3 12,3 13,4 5,4 6,4 7,4 8,4 9,4 10,4 11,4 12,4 13,5 6,5 7,5 8,5 9,5 10,5 11,5 12,5 13,6 7,6 8,6 9,6 10,6 11,6 12,6 13,7 8,7 9,7 10,7 11,7 12,7 13,8 9,8 10,8 11,8 12,8 13,9 10,9 11,9 12,9 13,10 11,10 12,10 13,11 12,11 13,12 13
1,0.001391211262070126,-0.0003876553254123439,-0.0003860354600181428,-0.0004001318346394845,-0.00042866577423523815,-0.0004216519994232725,-0.00037560927058581266,-0.0003819146636358767,-0.0003691127629926127,-0.0003869162137740583,-0.00038433353546321754,-0.00039277441676610733,-0.00038991436459819684,-0.0003822390563742323,5.864566308197101e-05,6.170523527892933e-05,6.584330936381014e-05,6.1436853738229e-05,5.515961996258939e-05,6.257904835905625e-05,5.171869038262588e-05,5.854001115072937e-05,5.6947705997137354e-05,6.145655925895608e-05,5.8210611501500966e-05,5.789839742927246e-05,6.395229664022352e-05,6.541945185722968e-05,6.50793575525781e-05,5.428518428188135e-05,5.6860610980025065e-05,5.411651706716671e-05,5.730669447110502e-05,5.780910678195893e-05,5.797222782570962e-05,6.081961085759499e-05,5.766357958514251e-05,6.712221394501024e-05,6.8435086131378e-05,5.806426851029888e-05,6.164179474039691e-05,6.0702396099549816e-05,5.772221760400373e-05,6.001919597395247e-05,5.9863167876052726e-05,6.135268399179065e-05,5.853650783035369e-05,7.29153142307493e-05,6.62761705679173e-05,6.216107387269784e-05,6.078486994946484e-05,6.603176739385853e-05,6.379064624979377e-05,6.639187078627323e-05,6.725216756061615e-05,6.37826496171643e-05,6.371909568304095e-05,6.042122902467829e-05,6.241093479470376e-05,6.562829822487636e-05,6.345088816770835e-05,6.354746343805348e-05,6.642374439257599e-05,6.362715606934751e-05,5.472700786980394e-05,4.999670495520248e-05,5.9015971616191606e-05,5.399467364493165e-05,6.263375765297509e-05,5.6271222628918844e-05,5.257689317026834e-05,5.667181905745723e-05,5.488217875994001e-05,5.9813220648634615e-05,6.0851197270379676e-05,5.6619823408772956e-05,5.865757248177021e-05,5.438912984889006e-05,5.853879139731719e-05,5.642391710227969e-05,5.9395943219992125e-05,5.317528684171976e-05,6.018571776809434e-05,6.0460015066504346e-05,5.579136411152861e-05,6.034408803973847e-05,5.5929598528992176e-05,5.831133772680373e-05,5.83537637518775e-05,5.8744292749035874e-05,5.98924163804621e-05,5.658436741228432e-05
1,-0.0003876553254123439,0.0007515448364176378,6.333174178728152e-05,7.004177044409797e-05,6.639445672426896e-05,6.217265948562582e-05,5.827232625086938e-05,6.999391966811069e-05,4.855088131035765e-05,6.692984307138441e-05,5.87524222587393e-05,6.285383168751161e-05,5.957023693270566e-05,5.8488259489568464e-05,-0.00010939886938859674,-0.00011623584928050074,-0.00012805933750555497,-0.00012216596521908107,-0.00011241190035479111,-0.00011607378260310549,-0.00011119292128447117,-0.00010858291681632847,-0.00011164768561255303,-0.00011651995940714031,-0.00011337736412546202,-0.00011207490106314115,-2.8613026344419763e-06,-3.046841138397617e-06,-3.469644746250576e-08,-1.7632966805026207e-07,-2.781897816494881e-06,5.771524720600646e-07,-1.8352908663202512e-06,-3.126963249606651e-06,-1.3509521743853614e-07,3.651145980674498e-08,-4.264842191302179e-06,-3.064366528507052e-06,-3.3132704813419905e-06,-2.760174120741863e-07,-4.397468143935239e-06,1.7615141117833618e-07,-1.9643848336875812e-06,2.6304551329063706e-07,-5.069095235500771e-06,-3.3653497198469332e-06,5.902458210197887e-08,4.6769808963533905e-08,-6.494431719430786e-07,-3.2669278617574132e-06,4.79502078513684e-06,-2.952963105947652e-06,8.913394602249408e-07,3.0478441089818984e-07,2.3076800913937265e-08,-3.2733068896336997e-07,1.0831364988514065e-07,-3.207102021633533e-06,2.0636158133062254e-06,-2.3977690058672074e-07,-2.5888442027732684e-07,1.7635169147542554e-06,-1.5598559713162818e-07,-1.4722052813952208e-06,-1.8070841759835979e-06,1.4734580349452079e-06,-4.550117224665756e-06,7.893147302283879e-07,2.0980465022202493e-06,-1.5127887959456463e-06,5.560521027111935e-07,-1.8029678733813416e-06,1.3790352830651316e-06,-2.838699479141524e-06,-3.969122681126381e-06,-1.1453827748878354e-07,-8.913756329572865e-07,-1.4540618133619662e-06,-2.3214909946379618e-06,-5.749656755357687e-07,1.5605610269077684e-06,4.07061482465476e-06,-3.6645203143724425e-06,-2.5513539564830274e-06,-1.2647302746314542e-06,-2.700233966893497e-06,5.249989643148239e-07,1.083621195797158e-07,1.294282499120772e-06,-3.0955557059968877e-06,-1.2216631260970644e-06,-4.5674799929987106e-07
2,-0.0003860354600181428,6.333174178728152e-05,0.00075347384011809,5.2533577068471784e-05,6.970380254199646e-05,7.55807738049439e-05,5.673539008855345e-05,6.155399676460545e-05,5.60874679704904e-05,5.67367462751891e-05,5.60250868174975e-05,5.5415443451856274e-05,6.599286771280723e-05,5.94897026945859e-05,-0.00011094222641016718,7.017837750051073e-07,-3.5863232007205122e-06,-7.245800497055161e-07,-9.67333862683998e-08,-3.23884339344649e-06,3.524156322292309e-07,-3.2944991078017814e-07,-2.2573464541536206e-06,-8.862647216935108e-08,5.957669333302451e-09,-4.383451076693672e-06,-0.00012019821878092587,-0.00012768053065107546,-0.00012111768604921973,-0.0001127764676306774,-0.00011577350629142387,-0.0001109172128933745,-0.00011016992735745829,-0.0001124740492256858,-0.00011661345524926983,-0.00011324195163768849,-0.00011181026576178925,2.236045567373527e-06,-3.8411188738348184e-06,3.4372491748423084e-06,5.943710606373846e-07,1.4582666790652584e-06,1.2383225331737412e-06,3.4927846663707073e-06,4.008012166184022e-06,-4.396631834271557e-06,2.338122792018639e-06,-5.730486229864397e-06,-8.341779258435238e-07,-1.6183048049239777e-06,-2.710757216538196e-07,-2.1995542350160623e-07,-2.701196135456442e-07,-7.790008351571356e-07,-2.983134513306866e-06,1.8027379290923945e-06,-1.9806669783957306e-06,-2.5790525501731946e-06,-6.137858954377412e-07,-1.2305369048329728e-06,7.14997163075515e-07,2.7248667569329576e-07,-1.0289491298969516e-05,5.517973706917205e-07,-3.0278009405375077e-06,7.837735357143534e-07,1.6350118432189448e-06,6.038514711131002e-07,-3.037855180928036e-08,-1.226799525631715e-06,9.418827768047328e-07,-2.914417727691856e-08,-5.995954550878242e-07,-1.487819785735935e-06,-1.0703461894915443e-06,3.3031588857799647e-06,5.893789708493547e-07,3.2153881263473437e-06,-2.8228065188356616e-06,3.7452308861037604e-07,-1.7750694414137533e-06,-1.13962634373122e-06,-2.5786891271354334e-06,-8.623403575159738e-07,-5.893000281777722e-07,-4.2482875400258e-06,2.5550916842906337e-06,1.2364836669727519e-06,1.1082619597996238e-07,2.6147029854870095e-06,-2.07335491035751e-06,-8.124369253843157e-08
3,-0.0004001318346394845,7.004177044409797e-05,5.2533577068471784e-05,0.0007466498084253271,7.789991301824345e-05,7.440926636856596e-05,5.3114111384757286e-05,6.316200048945796e-05,6.516305625631815e-05,6.515457542248799e-05,6.963754375244819e-05,5.302631656762125e-05,7.044211072217489e-05,6.330353146878366e-05,-5.474275345056661e-08,-0.00011016786854572281,-5.099439798412062e-06,-3.6576833276379517e-06,8.641005746697896e-07,-4.105095017918472e-06,-2.450386526307293e-08,-2.293357378506261e-06,-9.119184326285071e-07,-4.52031495299082e-06,-4.5283504162418705e-06,-1.0079837132130294e-06,-0.00011247090239635526,6.70802734154013e-07,-3.020732514225096e-06,4.5876929581821055e-06,1.2749568115532152e-06,1.594861161967302e-06,-6.769952886561725e-07,1.222664016872633e-06,4.298963337160282e-06,-5.499297485134254e-06,1.393530435099632e-06,-0.0001263701631044099,-0.00012203551707707592,-0.0001136936959423981,-0.00011658707214568271,-0.00011112650872912089,-0.00010857816794884713,-0.0001105361447624915,-0.0001168771141550565,-0.00011233922653495595,-0.00011132203457907916,-4.281271947409465e-06,-1.6601716755070677e-06,1.9730106428224367e-06,-1.4482752259813997e-06,-3.3894996659159775e-06,-4.36084834361779e-06,2.251491465994549e-06,-6.453428762583188e-06,-3.3614284045771698e-06,-1.1133089361236072e-07,8.227224068963134e-07,-5.822802004856355e-06,-3.1750697365438136e-06,-5.043289822895392e-06,1.6280304365740753e-06,-2.0277694298438827e-06,-3.2495472947778314e-06,2.3966188640095887e-06,3.5198947092973375e-06,-4.1283314320484813e-07,-9.418870817910691e-07,3.712073041844035e-08,-2.3212644421104378e-07,1.990145729077422e-06,-3.4325410873764293e-06,-1.373491583516921e-06,-5.484969087399039e-06,4.853955776826133e-07,-1.6433429763893432e-06,-3.517354806864265e-06,-2.7145619156091457e-06,-2.294784188537501e-06,9.2703796390212e-07,-5.0201409233912554e-06,-1.2141472283916172e-06,-4.3438363337421815e-06,1.1099844484485832e-06,8.20858247727091e-07,-9.88193772475183e-07,-4.2735151238274804e-07,-9.6082254354015e-07,-2.010811369132556e-06,2.652460113752043e-06,7.949072533506686e-07,-1.7948763371965968e-06
4,-0.00042866577423523815,6.639445672426896e-05,6.970380254199646e-05,7.789991301824345e-05,0.0007402413532340473,9.920304809522335e-05,7.416609192115624e-05,7.277092602583245e-05,5.33189119195912e-05,6.778671548774288e-05,6.150199121015691e-05,7.294653847900888e-05,7.432119897676175e-05,6.329434158690898e-05,-3.115873312395349e-06,-3.899760262929481e-06,-0.00011198983212505745,-3.856860839104197e-06,-8.077161040738428e-07,-5.1832399827021354e-06,5.599216021474645e-06,-1.958804060712792e-06,1.2794029920614233e-06,-1.143618893335249e-06,-9.63759985981576e-07,-6.042537395070616e-07,-2.845490548800822e-06,-0.00011000339672731048,-8.477746999481113e-06,-1.0888452856784763e-06,-3.2633215112203018e-06,9.925903332087168e-07,-7.971332058290641e-07,-7.2279695706775e-07,-2.655458489602972e-06,-3.644340710967356e-06,1.5426364305186949e-06,-0.00011609413825632007,-7.998405372601237e-06,-3.5012388020528506e-06,-4.963709504525971e-07,-3.209535476309451e-07,-1.8282976840558303e-06,-2.5112037289900538e-06,-8.625953046343947e-08,-5.765507939950811e-06,-2.3918636991308273e-06,-0.00011926165221198008,-0.00011322579321240102,-0.0001145677566214688,-0.00011242937940964096,-0.00011075178779242833,-0.00011256550020959421,-0.00011555720717534004,-0.0001134462122893706,-0.00011273961367131669,-8.395786228605531e-06,-5.6052730772867046e-06,-5.146720808038425e-06,-6.395900815006854e-06,-4.145312126117454e-06,-6.138254645589408e-06,-5.8681354932970524e-06,-5.655637300620801e-06,-1.3127466974510413e-06,3.420498718530671e-06,-4.29670609858588e-06,-7.301308380337927e-07,-6.691302361965473e-06,-3.5034718822268768e-06,1.5306650660128594e-06,4.5297490843127993e-07,-1.0910429064585193e-08,-2.299317096150518e-06,-3.595237217223706e-06,7.300798378542397e-07,-2.0517245709571233e-06,2.314079619988211e-06,2.577864645131578e-06,5.681559822668132e-07,-1.1706055224310002e-06,3.1066348081608055e-06,8.907922583445881e-07,-3.036481708623326e-06,-1.8758170612194631e-06,-5.768531096321246e-07,1.8250210554557663e-06,-1.548378288814333e-06,1.236383023613813e-06,-2.9323967086638845e-06,-1.356040547159896e-06,8.368704782385465e-07
5,-0.0004216519994232725,6.217265948562582e-05,7.55807738049439e-05,7.440926636856596e-05,9.920304809522335e-05,0.000743743120326238,6.990353542412158e-05,5.917750879810053e-05,6.287388518765692e-05,7.396277462947616e-05,6.417823893757763e-05,7.031870766776612e-05,6.749033400195509e-05,6.69218181559422e-05,-6.700452390489739e-07,-2.7736245410265756e-06,-4.154583237986368e-06,-0.00011113478464154765,1.5577703388383305e-07,-2.904612792650557e-06,2.3488867642864546e-06,1.746095722703543e-08,-6.303195615305317e-08,2.0023137795870138e-07,2.4129738312154325e-07,-1.872632478966655e-06,-7.055291302019829e-06,-9.15571837580245e-06,-0.00010929854152326024,-1.9793593263403697e-06,-2.0737766408738423e-06,2.5442605953474666e-08,-2.3529060367491323e-06,-5.1695439880320705e-08,-1.3688366956837503e-06,-9.498453876491852e-06,2.126916985887575e-07,-6.411174137730624e-06,-0.00011733691734058806,-1.4897751703620946e-06,6.802115393595026e-07,-5.312360625090928e-06,-2.3238810373814156e-06,-3.122126030994429e-06,-5.705143036643466e-07,-1.329704972841176e-07,-2.6321582359330455e-06,-0.0001246684482289581,-8.030213757950904e-06,-3.320200809880764e-06,-5.797218408810746e-06,-7.198677916854478e-06,-4.177112448887384e-06,-6.290367909817667e-06,-4.50082004560949e-06,-5.7808082382129214e-06,-0.00011312433986862758,-0.00011639441425234588,-0.00011169695376696127,-0.00010986745608628367,-0.00011190239956048885,-0.0001153115973064047,-0.0001144201622698339,-0.00011208737162356189,1.1836851337654996e-06,3.074257321208793e-06,-4.571802935154604e-06,9.449451098885089e-07,-5.2878553062631605e-06,-2.4672199084371267e-06,-1.4486271873023454e-07,7.391871258517792e-07,-4.5787881395724115e-07,1.1778799294732804e-06,-2.680209163882618e-07,3.0058178237871973e-06,-1.9438373109494293e-10,-2.684697742318109e-06,-8.970486230092242e-07,-1.3299502931580298e-07,-6.842021215854918e-07,-8.406140606622845e-07,-3.377613414074219e-06,-4.362932251070457e-06,-9.284933736069835e-07,-3.237831941229292e-06,3.517831411406783e-07,-3.319403207290319e-06,-2.558550107071176e-06,-8.127876187042867e-07,-2.761702893578448e-06,2.289430006269824e-06
6,-0.00037560927058581266,5.827232625086938e-05,5.673539008855345e-05,5.3114111384757286e-05,7.416609192115624e-05,6.990353542412158e-05,0.0007496619137060106,4.755566546444681e-05,3.9387261771926503e-05,5.907523457690542e-05,5.291880022528443e-05,6.39921747822202e-05,5.7209954602644464e-05,4.688484279483512e-05,-7.30314240376269e-07,8.757613614943226e-07,-1.8579037299086162e-06,-5.218828686659731e-07,-0.000110320626845349,-9.797675525345788e-07,2.1356041425840986e-06,-3.3749551874295813e-06,6.465936338006654e-07,2.2601149390818436e-06,-2.0867154069633438e-06,5.16049914560902e-07,1.098701839882747e-06,-1.4716817360162762e-06,-1.7954481536801178e-06,-0.00010877875719196678,-2.0170355647632417e-06,1.598704514002744e-06,1.5859200843773612e-06,-4.230278392765563e-07,-1.4182942856542486e-07,-1.7995868269293878e-06,1.016591457156733e-06,-9.871253007142882e-07,-6.124731517458609e-07,-0.00011777683326169477,3.326049136972525e-06,4.734431478849279e-06,1.4652255413413814e-06,-5.5637463839087966e-08,-5.630172944849291e-07,6.776884853744537e-07,2.9330470386660316e-06,-5.435568071920134e-06,-0.00012673544499638035,1.5329337202241775e-06,3.4529756967822e-06,-4.037395970081446e-06,-1.3226501342973395e-06,-5.442596038519509e-06,-3.0962147493151726e-06,1.825432234147469e-06,-0.00012146162745562161,2.1114857648498185e-06,3.6927557248899567e-06,-3.6335069937745404e-06,4.47370768867652e-07,-3.7681809156251714e-06,-3.400864495461355e-06,2.5582794487674304e-07,-0.00011682797361675965,-0.00011185625053309203,-0.0001103974987866784,-0.00011134705634442505,-0.00011647603858557767,-0.00011301222047119682,-0.00011207576899797378,2.8437809360529058e-06,1.574040759478544e-06,2.4772671348900825e-06,1.1552467258716996e-06,3.698167967389591e-06,3.6835270042280667e-06,2.6061357549871866e-06,1.5702796941471278e-06,-9.967197580411042e-08,4.275495607148205e-06,5.287023445695449e-06,1.1116853760593698e-06,-3.2677828154306607e-06,-3.0582577327677394e-07,1.4205267253347087e-06,1.1461578870099447e-06,1.0843527279353741e-06,4.674771618833381e-07,-1.6954536708648078e-07,7.076210173824765e-07,2.6695891718006845e-07
7,-0.0003819146636358767,6.999391966811069e-05,6.155399676460545e-05,6.316200048945796e-05,7.277092602583245e-05,5.917750879810053e-05,4.755566546444681e-05,0.0007462368798716639,6.142175677997483e-05,4.956244848769411e-05,6.065017291000334e-05,6.649615328356167e-05,5.324728377444509e-05,5.7878121985939935e-05,-3.400295413317157e-06,-3.7563106067239884e-06,-5.9752364513961744e-06,-3.5242509046540594e-06,-6.691869193228075e-07,-0.00011067255913526784,-2.8647403685237016e-06,2.705898713897129e-06,-2.793030128585611e-06,-5.190920481950517e-06,-1.2642607129100462e-07,-8.656494460437573e-07,-2.558431833825203e-06,-3.927710829223953e-06,-1.9795760091711563e-06,-2.3019495005592822e-06,-0.00010868354177356082,-4.916850035148903e-07,-9.524345888897571e-07,-2.0714715453113964e-06,-2.4028739853839845e-06,3.573606939572595e-06,5.445200045786488e-07,1.380487217578891e-06,9.474353698469227e-07,2.3504698389725364e-06,-0.00011706386765145387,-4.177242966254128e-06,1.4963236028922896e-07,-3.942061897597998e-06,-1.6741971783783384e-06,-2.6336158053514203e-07,-2.6024258031161053e-06,-2.192664902310182e-06,2.619530905379792e-07,-0.0001252028232651229,-1.2064360589957306e-06,3.0458625463897986e-07,-2.780090840394949e-06,-3.4433188259995795e-06,1.8859558095339384e-06,-1.9829920259067764e-06,2.5873047236524327e-06,-0.0001218972610074145,-3.5423710101505966e-07,3.969931969752804e-07,1.1334150558890283e-06,-1.0486087299828095e-07,2.7373393952201755e-06,3.8504048754094116e-07,-0.00011351878770920074,9.713179080590326e-07,1.5735013514391628e-06,2.741065535330801e-06,8.788709515366099e-08,4.0804799598854645e-06,3.516378631558075e-06,-0.00011020520249227464,-0.00010988551991114529,-0.00011192116073899888,-0.0001151379979390503,-0.00011341833497164186,-0.00011202699595973674,1.4182669223937722e-06,-2.2166849348302876e-06,1.6543612405164932e-06,-6.150554210023058e-06,-7.303429178640117e-08,-5.216639724129255e-07,-4.6360339561045493e-07,3.2757526797734398e-06,-8.399625294579159e-07,-6.111282791061993e-07,-1.829657265765403e-06,1.4109693197726212e-06,-2.158115607474943e-06,-3.4408304478667703e-06,2.881268993269985e-07
8,-0.0003691127629926127,4.855088131035765e-05,5.60874679704904e-05,6.516305625631815e-05,5.33189119195912e-05,6.287388518765692e-05,3.9387261771926503e-05,6.142175677997483e-05,0.0007516989481081426,5.597266612833794e-05,6.638260312928556e-05,5.742147929170468e-05,5.928171270581045e-05,4.9449699008483156e-05,3.546101224900558e-07,6.721338375645211e-07,5.314286797134771e-06,2.1528999449077864e-06,2.7795427143540335e-06,-2.3841174996056525e-06,-0.00011116828761424967,-1.0592308264680204e-06,-3.0989431894698745e-06,-1.6052310912461638e-06,2.21564675611559e-06,4.0653849673885944e-06,-1.7539602811371883e-06,5.677740568982864e-07,2.9502282338325094e-07,1.861175898051635e-06,-1.4739655913948888e-08,-0.00010906339229059799,2.569729383896639e-06,-4.252106829564633e-06,-5.933866344610166e-07,-1.294012258891627e-06,-1.105226870002344e-06,1.1074063621688359e-06,-5.416355236885055e-06,3.819924202023236e-06,-4.432793670255264e-06,-0.00011685647015959746,-1.9721890688077066e-06,-1.7950827719385716e-06,-4.0899215614775484e-07,-3.3188853028671025e-06,-1.8942175156222697e-07,-1.0991833339578242e-06,5.288049296392094e-06,2.0809766957136133e-06,-0.00012830446904179738,1.5741424463237814e-06,1.3457849834027192e-06,1.3524118336429933e-06,1.4391722731053393e-07,3.1227079729621743e-06,4.694908906191271e-06,2.3023023351058579e-07,-0.00012222602565924143,-2.6166235582345013e-06,-2.1592968835550806e-06,6.864095464332257e-07,-8.01447983620153e-07,-5.589669016190411e-07,1.341890362648007e-06,-0.0001138579182218862,1.7837341573089956e-06,8.541804689831105e-07,-1.0460179472363305e-06,5.251729141686419e-06,5.126916350082551e-06,-0.00011575365037884263,6.20914043685353e-07,-3.1796623477423517e-06,2.0536242515682622e-06,-5.7888104817983715e-06,-3.024572842754033e-09,-0.00010935670145172199,-0.00011086380708047351,-0.00011542950624920896,-0.0001139647260303829,-0.00011230717024404673,-4.063538153550758e-06,-1.080694835093771e-06,-1.7725743836965302e-07,-8.191740108533929e-07,-4.1951870733810464e-07,-2.079274949569731e-06,-2.710134200023978e-06,-1.6855955739440205e-06,1.8674363280919297e-06,4.995490332984709e-07
9,-0.0003869162137740583,6.692984307138441e-05,5.67367462751891e-05,6.515457542248799e-05,6.778671548774288e-05,7.396277462947616e-05,5.907523457690542e-05,4.956244848769411e-05,5.597266612833794e-05,0.0007529325351758972,6.312972975300843e-05,6.653189259940448e-05,5.296222506070153e-05,6.188713759849301e-05,-1.0032573073279794e-06,-2.2857491553900046e-06,-3.088565019238142e-06,-5.464608599466869e-07,-3.295411727577536e-06,2.2173648054648435e-06,-1.7003268251296014e-06,-0.0001101499887844157,-3.053901509128644e-06,-3.2602088960230484e-06,-8.956724791839669e-07,-2.4106729607691476e-06,-2.906397370527081e-06,3.4708991033532506e-07,-7.316417248321313e-07,2.9568910582849452e-06,5.786998944814928e-07,3.4268321962380047e-06,-0.00011012476731469326,-2.9434200808236316e-06,-1.808222300127059e-06,-3.3224837229972875e-07,-3.761387748600279e-06,-1.5235033296980371e-06,-3.4034164738030137e-06,-3.8320530954412087e-07,-7.414703199827646e-07,-2.6460846485557944e-06,-0.00011584822638084366,-2.7396159071097448e-06,-1.383566676799515e-07,2.5468040129857452e-06,4.790342627826948e-07,-3.284045774772748e-06,-2.696457295015609e-06,3.021246466279855e-06,1.1685321949539444e-06,-0.00012791755247047593,9.870820251421198e-07,-2.5708030827085587e-06,-4.845178823421726e-07,4.200026927883402e-08,-3.4166788224042383e-06,2.5287777874966695e-07,-3.208507381439299e-06,-0.0001215194674298394,-3.207334864783518e-06,-3.7212195011131614e-06,-9.6078204234198e-07,-2.494805800932777e-06,1.7483152973187768e-06,1.5816703886405343e-06,-0.00011369485199686245,1.611604110837365e-06,-4.197542151788888e-06,5.102180406295938e-07,1.7062073964736814e-06,2.2956188172976644e-06,-0.000117164715945024,-1.7739619177293695e-07,-1.651388570748071e-07,3.759468814801723e-06,-4.2737188022285393e-07,-0.00011109872720492736,-3.089721052557338e-06,-1.1346364055537954e-06,-1.518863531385061e-07,-2.970176460188236e-07,-0.00011203656417658733,-0.00011565121753520413,-0.00011372440579310201,-0.0001123469327028408,-1.3552319232082683e-06,1.334828321323351e-06,-4.07585268571425e-06,2.8368199678801815e-07,-8.384823291832818e-07,9.724632212475163e-07
10,-0.00038433353546321754,5.87524222587393e-05,5.60250868174975e-05,6.963754375244819e-05,6.150199121015691e-05,6.417823893757763e-05,5.291880022528443e-05,6.065017291000334e-05,6.638260312928556e-05,6.312972975300843e-05,0.0007504541777832314,5.4471104009328264e-05,6.062511003490367e-05,6.418604489286919e-05,-2.449704188413141e-06,-9.019988831486632e-08,1.0422405086098315e-06,-1.051244014619983e-07,1.197117404759712e-06,-2.2602331152346094e-06,-3.0901774304324173e-06,-2.50118962663169e-06,-0.00011083266380142264,-7.394123816003006e-08,-7.252082744119475e-08,4.6561438885562904e-07,-7.513842450825273e-07,4.6999572553086033e-07,1.9186597251078687e-06,7.586782604289041e-07,-3.342918164041357e-07,-3.170090431866476e-06,-2.807901964632248e-06,-0.00011027723327369821,1.7746496181165046e-06,1.0197479696631343e-06,-4.6514775334234854e-07,-2.3858142726575875e-06,-4.492871224461911e-06,-1.7386637301404246e-06,-5.26851576450043e-06,-2.7714861476726592e-06,-2.7661989299240555e-06,-0.00011563114327408359,-1.498005747906911e-06,3.626027041572957e-09,-1.8057322046983304e-06,1.4256320097518182e-07,9.118418052500228e-08,1.4637829212494608e-07,9.730245178967014e-07,1.0836759966924355e-06,-0.00012781922626816042,2.7144713812005e-06,-8.321659694586298e-07,4.893979154968607e-07,1.4881168192484493e-06,1.7503449575240414e-06,-2.000004995101887e-06,-2.5308883758107105e-06,-0.00012234914381367245,1.3520760327479066e-06,-4.013461086717314e-06,-2.9813813234117267e-06,2.0565233416329775e-06,6.073808764742925e-08,7.989572916894346e-07,-0.00011266343224963591,6.30417844051715e-07,1.35666645689243e-06,-2.645367764717249e-07,-2.1163581792064746e-06,-6.14376807766088e-07,-0.00011685393288608061,2.439308675139363e-07,-2.1272776824001224e-06,6.363037277412065e-07,-3.574646613432412e-06,-0.00011046032343907077,-7.955982827803975e-08,-2.6757828599490573e-06,-3.4870582348590286e-06,-0.0001099530793298649,-9.310017610658754e-07,7.235609314660506e-07,-5.276791540963384e-06,-0.00011593394101237614,-0.00011296264395311645,-0.00011122622321032321,2.1300348364237296e-06,-1.136089419098612e-06,-2.8415087919470142e-06
11,-0.00039277441676610733,6.285383168751161e-05,5.5415443451856274e-05,5.302631656762125e-05,7.294653847900888e-05,7.031870766776612e-05,6.39921747822202e-05,6.649615328356167e-05,5.742147929170468e-05,6.653189259940448e-05,5.4471104009328264e-05,0.0007463819798402587,6.0571688205667374e-05,6.356729961425514e-05,4.991274839265607e-07,-3.2728230170849716e-06,-1.1055764929466467e-06,7.006442143098861e-07,3.2198771193456004e-06,-4.260062190627341e-06,-9.888689992685303e-07,-2.3298365346472466e-06,4.870889142868409e-07,-0.00011125787591829738,-3.558406217610439e-06,-1.7475487174033222e-06,1.8801781605337375e-06,-1.6438366965748768e-06,2.1760201810056958e-07,1.024494585180536e-06,-1.1158076636172642e-06,3.8245792560611644e-07,-1.8768400466966657e-06,1.4494178191472747e-06,-0.00010996891705984205,2.43526054200945e-06,-2.641284144994291e-06,3.0771365327574458e-06,7.506395465430732e-07,-2.0045163752388086e-07,-2.5667581430046143e-07,8.888130907627592e-07,1.955028063862409e-06,7.798034145905074e-07,-0.00011787743871800653,3.508068463786483e-06,1.384376365064872e-06,-3.511710494700889e-06,-5.2641054937269496e-06,-2.129951216968448e-06,-5.520782772409427e-07,-3.8823356024878396e-06,1.3609920583699782e-06,-0.0001266152593621544,-2.4287456753852424e-06,-1.8538298491266288e-06,-4.027158703690497e-06,-9.609372400306064e-07,-6.044625109723253e-07,-4.301778236823014e-06,-6.137936282539591e-08,-0.00012106851642447689,-1.6867633076981346e-06,-3.038239395461393e-06,-2.7696646461535663e-07,-1.252537071631456e-06,-4.213706822724577e-06,1.2534293886520837e-06,-0.00011361882207751284,-9.009303392854627e-08,1.1877530228440746e-08,2.2780404169951613e-06,-1.5212984167860204e-06,-6.409632666627108e-07,-0.00011565875211287875,-2.456022754177721e-06,-3.859288092852921e-06,-1.1627413780882653e-06,2.2147578588255757e-07,-0.00011068429209736126,-2.4670079936245957e-06,1.3207772105145637e-06,-1.8102031040117008e-06,-0.00010924284806253351,-6.447049781128496e-07,-1.6937304012683577e-06,-0.0001114915183349762,1.9120004335563806e-06,-8.602908977761188e-07,-0.00011304608456754172,-0.00011145333696023247,3.2436151395134157e-07
12,-0.00038991436459819684,5.957023693270566e-05,6.599286771280723e-05,7.044211072217489e-05,7.432119897676175e-05,6.749033400195509e-05,5.7209954602644464e-05,5.324728377444509e-05,5.928171270581045e-05,5.296222506070153e-05,6.062511003490367e-05,6.0571688205667374e-05,0.0007497308780576876,5.4138261132402786e-05,-1.1719296837196025e-08,-3.6554292349439565e-06,-1.0164120279332696e-06,2.500323465688578e-07,-1.2925583164264984e-06,3.986957313892679e-07,2.3909020039664176e-06,-1.7545322533879534e-07,3.994239551394728e-08,-3.846620642458454e-06,-0.0001110712137577026,-2.9072874899035655e-07,-8.540225176107877e-06,-3.458465512749423e-06,-8.710329694139688e-06,-1.0674781980161009e-06,4.268769052234602e-06,-8.445426218603677e-07,-9.322841785277721e-07,4.1897098455611987e-07,1.8326784946348427e-06,-0.00010950260139865863,1.425526332612548e-07,-5.458983144094789e-06,-1.0535947501903245e-06,-1.0898030579623994e-06,-1.2591289621796845e-06,-4.0991006896673185e-06,2.4653116652974223e-06,1.640759856457929e-07,1.4503846414231107e-06,-0.00011636250097373088,-6.101393627134853e-07,-1.3326485150420921e-06,-2.69997084925903e-06,3.4457107756778573e-06,-1.6954001352072159e-06,-1.4635521385388344e-06,-1.9841771245894676e-06,-2.205817571612445e-06,-0.00012722637681507342,1.3024664751494154e-06,-2.141360082125464e-06,3.6045447341072935e-06,-4.2156758859570204e-07,-2.8185434827498157e-08,-3.7642064443929275e-06,9.836942274133446e-10,-0.0001228734267939036,2.8587983400492875e-06,3.246681892185208e-06,4.012794010244827e-06,-3.2322649906275055e-07,1.1782943999318696e-06,-8.974343000104889e-07,-0.00011277649657419948,3.371692587038971e-07,-4.496046617550372e-06,3.4261865091766496e-06,-2.072175494801321e-06,-1.5124280186551869e-06,-0.00011669028037082421,5.761474555062316e-07,7.055271400589007e-07,-1.2473479861771302e-06,-1.722927347836286e-06,-0.00011163864422305075,6.680744433666428e-07,7.587947616218543e-07,3.449776797925993e-07,-0.0001100002628771416,6.169009511736136e-07,1.8279353731410746e-06,-0.0001115010252771504,-1.9639450019354505e-06,-0.0001154996569811439,1.028755321196582e-06,-0.00011220534778176138
13,-0.0003822390563742323,5.8488259489568464e-05,5.94897026945859e-05,6.330353146878366e-05,6.329434158690898e-05,6.69218181559422e-05,4.688484279483512e-05,5.7878121985939935e-05,4.9449699008483156e-05,6.188713759849301e-05,6.418604489286919e-05,6.356729961425514e-05,5.4138261132402786e-05,0.0007503038116649434,-4.012421656201254e-06,1.579772767222617e-08,-6.027861349224513e-07,-1.6043659071190131e-06,1.5008061624515884e-06,-1.0417060321155144e-07,4.280779590165697e-06,-1.3367257680699219e-06,8.264848765324357e-07,-1.8355467782241909e-06,-1.2005147332295025e-07,-0.00011132839906827898,-1.2310480403004038e-06,2.1268746559556374e-06,1.3173234499892243e-06,1.850139838940056e-06,1.6841707290284062e-06,-6.60124982310464e-07,-4.3433384421316085e-06,-1.1123455021884157e-06,-3.1065296702479186e-06,1.8332949947740892e-07,-0.0001094320517511748,-1.7027674849834006e-06,-3.1278215083206185e-06,1.4531960105128325e-06,-3.2979580649715323e-06,-6.101486451858348e-07,8.028909599354756e-07,-1.2453685922717724e-06,-3.630191560313061e-07,-2.1704229702863475e-07,-0.00011621066712137472,-1.935601972092174e-06,2.915839653309963e-06,4.525821727727016e-07,2.4958538347897207e-06,-1.489467510465092e-07,1.6521714919547466e-07,-6.868617922823603e-07,2.1302132138429887e-06,-0.00012762312302354764,8.292393850898633e-07,5.924976429387923e-07,-9.71349681917499e-07,-2.133080450668895e-06,-3.458407373859893e-06,-2.177416728196008e-06,2.3321021423148244e-06,-0.00012180319653365254,3.3639430529385155e-06,4.748237217227504e-06,1.4973831173588696e-06,2.822731720970932e-07,9.738947632959793e-09,8.820671348589955e-07,-0.00011331517520519204,1.1849327120266055e-06,-7.257708090019559e-07,6.34459276759484e-07,-2.8428470938555462e-06,6.019169039694482e-07,-0.00011677578071371775,1.606907449311718e-07,-2.428799411458821e-06,1.9592125516689935e-06,2.3719698534198124e-07,-0.0001114026089528066,-4.994954415128714e-06,-6.529996687901694e-07,8.386194434081991e-07,-0.00011019817334662543,-1.3905477743496206e-06,-2.383897011720228e-06,-0.0001110344180067393,1.0926345776030831e-06,-0.00011569381255541501,-0.00011359463882759053
1 2,5.864566308197101e-05,-0.00010939886938859674,-0.00011094222641016718,-5.474275345056661e-08,-3.115873312395349e-06,-6.700452390489739e-07,-7.30314240376269e-07,-3.400295413317157e-06,3.546101224900558e-07,-1.0032573073279794e-06,-2.449704188413141e-06,4.991274839265607e-07,-1.1719296837196025e-08,-4.012421656201254e-06,0.00022443651748925588,-5.84082455822629e-06,4.052141379494438e-07,1.6086909117322942e-06,9.475415299432507e-07,1.5985731422702033e-06,5.611625558109734e-07,-1.589643866816771e-06,-1.6943013786479846e-06,-1.3247170244123542e-06,5.938656937002873e-09,-4.324112187905782e-07,1.576344411385668e-06,-7.375132949281326e-07,-2.783453893581386e-07,1.2855232335440405e-06,8.01694372285294e-07,-5.7607167552494456e-08,1.326742582734643e-06,1.4470503280043833e-07,-9.68687125325077e-07,-1.5175128420258957e-07,-7.402361577776373e-07,5.158618793590527e-07,3.9268492443606015e-07,-3.592372547165144e-07,9.444980824888382e-07,-4.4320025700486856e-07,1.0965310810113193e-07,-9.004783195771271e-07,2.0238940317776794e-06,-5.532080554490149e-07,4.827213638281083e-07,-4.987754848928446e-08,-1.7334448568648138e-07,1.865158838084321e-06,-8.986703376022249e-07,8.267404992409816e-07,1.918819745345742e-06,1.5044427818853851e-06,2.8454427517533235e-07,8.082370168608485e-07,1.0206542991301843e-06,-4.32729999359908e-07,-2.1461862553716388e-06,-1.3695742866542945e-06,1.9100575838314748e-06,-1.0561538601274252e-06,1.6377206760150395e-06,1.6282811039591848e-07,9.576956834367198e-08,5.002741739408668e-08,-1.3357068284635364e-07,1.1242801803888027e-07,-1.5518695716516665e-06,-1.6533134609138048e-07,2.949888302291717e-07,4.5573657223074605e-07,-8.826337701750566e-07,3.5402037491787154e-06,2.3510267965656534e-07,-9.899670893174222e-07,-1.8466583804460175e-07,4.785809479262156e-07,1.4952781325176834e-06,3.25196189205537e-07,1.0505694621688858e-06,1.9517616485446284e-07,1.391968443570823e-07,-5.23488759102382e-08,5.840234094364353e-07,1.501413751513892e-06,-1.5730937763179517e-06,-1.7058565656083572e-06,1.1022491810776143e-06,-1.8201104276060556e-06,2.2654095629588173e-06,1.4944396265342694e-06
1 3,6.170523527892933e-05,-0.00011623584928050074,7.017837750051073e-07,-0.00011016786854572281,-3.899760262929481e-06,-2.7736245410265756e-06,8.757613614943226e-07,-3.7563106067239884e-06,6.721338375645211e-07,-2.2857491553900046e-06,-9.019988831486632e-08,-3.2728230170849716e-06,-3.6554292349439565e-06,1.579772767222617e-08,-5.84082455822629e-06,0.00022450104866185376,3.5840485135371858e-06,4.872751504148325e-07,-1.1924132938841976e-06,2.3176035046579986e-07,5.579622889831346e-07,2.085919350037721e-06,2.4741013177624937e-06,-2.1596719424020945e-06,2.091676622789063e-06,1.4332411667957258e-06,-3.560847414760052e-08,5.551627467452423e-07,4.489274394974615e-07,-3.910525386292869e-07,9.283750262736018e-07,-4.3442946465426643e-07,2.020668116204252e-07,-9.889927644310637e-07,2.040850217820818e-06,-5.362874052948411e-07,4.865491138108101e-07,-6.521130316694378e-07,-2.898899936474869e-07,1.235621475988634e-06,7.535210999495837e-07,7.918669783528287e-08,1.2441834211982527e-06,-5.6917200420604085e-09,-8.868500361050705e-07,-2.0749547138871102e-07,-6.494178567447822e-07,1.9396553850732837e-06,-5.228700863189255e-07,1.5917286689580305e-07,-8.853663418817453e-07,1.4057853055509592e-07,-5.034919481212501e-07,1.2476195195865708e-06,1.7747027932598727e-06,5.99497183311139e-07,-5.993785696113197e-07,1.780989082388343e-06,-1.9681019139736815e-07,-5.219167744083452e-07,-5.489276716751506e-07,1.021689773749284e-06,2.6115194969330855e-07,1.1008022581024627e-06,7.575851837868242e-07,-2.068818208952235e-06,5.854515113107059e-07,-5.41541013350619e-07,-4.719390740858542e-07,1.2934454186091166e-06,8.151627395857747e-08,1.5633856681575187e-09,-1.012451814940772e-06,2.962635968499536e-07,1.7771774369567955e-06,1.2799250552503179e-06,2.6322454682897566e-07,1.5506583095340254e-07,1.0556542941572478e-06,6.835681520558605e-07,-7.590984701114955e-07,-1.3198394220030945e-06,1.0298095030175132e-06,7.670579109808354e-07,5.879285619569819e-07,-5.914979815342678e-07,4.864497151993826e-07,1.1728046228990643e-07,-8.712362425403059e-07,1.8132073647613296e-06,-5.221341400268295e-07,2.2534215168609528e-07
1 4,6.584330936381014e-05,-0.00012805933750555497,-3.5863232007205122e-06,-5.099439798412062e-06,-0.00011198983212505745,-4.154583237986368e-06,-1.8579037299086162e-06,-5.9752364513961744e-06,5.314286797134771e-06,-3.088565019238142e-06,1.0422405086098315e-06,-1.1055764929466467e-06,-1.0164120279332696e-06,-6.027861349224513e-07,4.052141379494438e-07,3.5840485135371858e-06,0.00022523481644676896,7.717086108847121e-06,1.996619068080426e-06,4.826685071672182e-06,-1.537522094316101e-06,-6.622824256443226e-07,-8.319127992437529e-07,2.0674135840135305e-06,1.6113352754680019e-06,-2.3324313287498257e-07,4.5556627755757224e-07,9.4852112400322e-08,8.17394335901252e-08,-1.6930366401862397e-07,1.999191588477282e-06,-9.069805053578787e-07,8.595326749423465e-07,1.7968871449046257e-06,1.4537876974170493e-06,2.5858248522531367e-07,8.903826419131464e-07,1.6740851041852636e-06,1.9805861811966915e-06,-5.217279889431195e-07,1.1196038324692334e-07,-8.926881599167574e-07,1.7492573206028823e-07,-4.5795517976846486e-07,1.2931955665514546e-06,1.7926206894257981e-06,5.626234585160317e-07,-1.848391465858264e-07,1.3628040217967478e-06,1.0209561572808928e-06,-2.337152985383485e-07,1.43074726689451e-06,-1.2912730484165316e-07,-9.744700296995727e-07,-3.219298219204015e-07,-3.724333131447977e-07,-3.433991655529877e-07,1.5622963384205045e-06,-8.932463168278061e-07,-2.050525760312675e-07,-5.744817232506401e-07,-1.3594956397140624e-06,-4.2771896429332345e-07,1.0641071332527051e-06,1.9347515269490096e-07,-1.077299946112005e-06,2.350120113391481e-06,-4.133651179929025e-07,-6.185732088042548e-07,1.536992087156064e-07,-7.979412740486553e-07,2.6601934765781855e-07,-1.7513259206939305e-07,2.11971696758427e-07,1.9600025777921e-08,-1.3110866575461898e-08,1.4150870102965398e-06,-4.212440142194605e-07,7.639189957508569e-07,1.19200983876316e-07,-2.092111633125155e-06,-2.527833617421793e-06,5.418687064328195e-07,3.5637090106239755e-08,9.140956731708952e-07,-8.729788457208061e-08,-1.1110407698949473e-06,-1.1040213038004472e-06,-8.19429750924288e-07,2.283551575330012e-06,7.48372888349276e-07,2.515736210028249e-07
1 5,6.1436853738229e-05,-0.00012216596521908107,-7.245800497055161e-07,-3.6576833276379517e-06,-3.856860839104197e-06,-0.00011113478464154765,-5.218828686659731e-07,-3.5242509046540594e-06,2.1528999449077864e-06,-5.464608599466869e-07,-1.051244014619983e-07,7.006442143098861e-07,2.500323465688578e-07,-1.6043659071190131e-06,1.6086909117322942e-06,4.872751504148325e-07,7.717086108847121e-06,0.00022465739377762204,1.418391810682505e-06,5.644295063406019e-07,-3.466253182019997e-07,5.653790969902656e-07,-6.314370688145847e-07,2.099853590096568e-06,-9.87908840214782e-07,1.9978927406428583e-07,3.2537115849164177e-07,3.3027197635635794e-09,-6.919149399887006e-08,9.43801828973044e-07,-3.876224664382097e-07,-2.09650935662478e-06,-1.3821639654947032e-06,1.841342672762721e-06,-1.0618798051305808e-06,1.6247358034246217e-06,1.1346391233654447e-07,1.9599879503172198e-06,1.642144358341869e-06,-7.050604068017842e-07,1.8141766674603585e-06,-1.9448086885990417e-07,-5.403983033286232e-07,-5.812369354100427e-07,1.0147527665045424e-06,2.528313635573595e-07,1.0949329240370468e-06,-6.41484783502597e-07,-2.9141013353921995e-07,1.5720525821238226e-06,-8.788309065453531e-07,-2.660099841857602e-07,-5.375526829702387e-07,-1.3880821858397675e-06,-3.799282799179547e-07,9.629781360184103e-07,1.1436928864788423e-06,1.1127185904175913e-06,-1.3856398445170921e-07,1.244006280317832e-06,-1.0174762416557717e-07,-1.0969302346867254e-06,-3.406866380728327e-07,-5.221047441162498e-07,-4.084345591453946e-07,-7.312497752022758e-07,8.009953803189975e-07,-6.380054262455625e-07,-2.4344638132442564e-06,4.243686814890327e-07,6.684016751202331e-07,1.4374877388496003e-06,-2.7308844847766255e-06,2.2012969015268657e-07,4.634637297096717e-07,3.120508912921476e-07,4.273394943435589e-07,3.483469840476368e-07,1.1464643494036931e-07,-4.324329234857833e-08,-9.982176007290785e-07,3.6722093622469294e-07,6.200302965103216e-07,1.0004463104373289e-06,4.002441236689159e-07,7.336366562667808e-07,4.3348246782960253e-07,1.2529778142195996e-07,1.1908458016422143e-07,1.2887684467387268e-06,5.881217551626174e-08,-1.3764328453054556e-06
