,1,1,2,3,4,5,6,7,8,9,10,11,12,13
1,0.00030589516291773945,-4.209524218937478e-05,-4.1476968864248155e-05,-4.439906527764443e-05,-4.8342396520697325e-05,-4.6237134089708614e-05,-4.288483227868456e-05,-4.4245906325802366e-05,-4.217609825168331e-05,-4.15581357478157e-05,-4.23542031844473e-05,-4.4017187955425985e-05,-4.2960823401864265e-05,-4.2405207866277615e-05
1,-4.209524218937478e-05,8.511518422723507e-05,-2.4778051076843075e-08,5.612530267934329e-07,-2.310990500865571e-07,-8.940313348294744e-08,4.5151255836544507e-07,3.3990234478642795e-07,-1.294693565735453e-08,4.7335222682782273e-07,-1.4210431519478161e-08,-3.172446124241832e-07,-9.911400010798132e-08,-2.413862368759309e-07
2,-4.1476968864248155e-05,-2.4778051076843075e-08,8.51454714446598e-05,-2.1716361741576047e-06,1.3501079617540397e-07,5.930470221770434e-07,3.4345310115425004e-07,5.948106372356271e-07,1.9181076456421787e-07,-5.908586634512111e-07,-6.396273000690122e-07,-4.904407010655635e-07,-8.23071965368442e-09,-1.4946019692110567e-07
3,-4.439906527764443e-05,5.612530267934329e-07,-2.1716361741576047e-06,8.521609923709863e-05,1.343379601446653e-06,1.9319642361386916e-07,-4.5432250366869967e-07,9.198522372752592e-08,2.5012996543482945e-07,7.940919508735304e-07,9.030392958584194e-07,-8.20869162187742e-07,7.747825114526268e-07,5.245109579417879e-07
4,-4.8342396520697325e-05,-2.310990500865571e-07,1.3501079617540397e-07,1.343379601446653e-06,8.546576845379804e-05,2.875390394182589e-06,7.537011477398846e-07,1.8147629371008425e-06,-6.124574814270649e-07,-2.3475590478878862e-07,-3.208959543969038e-07,7.45973416709853e-07,5.912832146892847e-07,-1.0256145431864173e-07
5,-4.6237134089708614e-05,-8.940313348294744e-08,5.930470221770434e-07,1.9319642361386916e-07,2.875390394182589e-06,8.525272871800531e-05,5.344334361525216e-07,2.4888585371244083e-07,-1.533702095880066e-07,2.3625187121628745e-07,-2.4448760730658854e-07,7.795139242638143e-07,-4.006167136367752e-07,4.696964137799311e-08
6,-4.288483227868456e-05,4.5151255836544507e-07,3.4345310115425004e-07,-4.5432250366869967e-07,7.537011477398846e-07,5.344334361525216e-07,8.510019458339106e-05,-3.5964545421771197e-07,-6.357784892070391e-07,-4.377544969647149e-07,1.356068995062698e-07,-3.096054059778435e-07,2.646563441268599e-07,-2.7636266106382323e-07
7,-4.4245906325802366e-05,3.3990234478642795e-07,5.948106372356271e-07,9.198522372752592e-08,1.8147629371008425e-06,2.4888585371244083e-07,-3.5964545421771197e-07,8.512749332829258e-05,7.064425626444165e-07,-3.96775235201713e-07,-6.664879291297555e-08,6.307998288907297e-07,-1.9403972663551134e-07,-1.5664525251161796e-07
8,-4.217609825168331e-05,-1.294693565735453e-08,1.9181076456421787e-07,2.5012996543482945e-07,-6.124574814270649e-07,-1.533702095880066e-07,-6.357784892070391e-07,7.064425626444165e-07,8.510359598092378e-05,2.4743253431632686e-07,5.786337555274214e-07,3.0535011907408936e-07,-4.1288161743759826e-07,-2.0485159745493026e-07
9,-4.15581357478157e-05,4.7335222682782273e-07,-5.908586634512111e-07,7.940919508735304e-07,-2.3475590478878862e-07,2.3625187121628745e-07,-4.377544969647149e-07,-3.96775235201713e-07,2.4743253431632686e-07,8.511109534688624e-05,-2.791047197120898e-07,2.9611445035235895e-07,-4.53971394588544e-07,-4.946391155640991e-07
10,-4.23542031844473e-05,-1.4210431519478161e-08,-6.396273000690122e-07,9.030392958584194e-07,-3.208959543969038e-07,-2.4448760730658854e-07,1.356068995062698e-07,-6.664879291297555e-08,5.786337555274214e-07,-2.791047197120898e-07,8.509960000523908e-05,1.1298260036311583e-08,3.283834809250385e-08,3.7660975985059e-07
11,-4.4017187955425985e-05,-3.172446124241832e-07,-4.904407010655635e-07,-8.20869162187742e-07,7.45973416709853e-07,7.795139242638143e-07,-3.096054059778435e-07,6.307998288907297e-07,3.0535011907408936e-07,2.9611445035235895e-07,1.1298260036311583e-08,8.513318935518682e-05,1.8486297484524803e-07,2.3193973257476162e-07
12,-4.2960823401864265e-05,-9.911400010798132e-08,-8.23071965368442e-09,7.747825114526268e-07,5.912832146892847e-07,-4.006167136367752e-07,2.646563441268599e-07,-1.9403972663551134e-07,-4.1288161743759826e-07,-4.53971394588544e-07,3.283834809250385e-08,1.8486297484524803e-07,8.509710222231183e-05,-3.378483989473155e-07
13,-4.2405207866277615e-05,-2.413862368759309e-07,-1.4946019692110567e-07,5.245109579417879e-07,-1.0256145431864173e-07,4.696964137799311e-08,-2.7636266106382323e-07,-1.5664525251161796e-07,-2.0485159745493026e-07,-4.946391155640991e-07,3.7660975985059e-07,2.3193973257476162e-07,-3.378483989473155e-07,8.508363471384611e-05
