,1,1,2,3,4,5,6,7,8,9,10,11,12,13,1 2,1 3,1 4,1 5,1 6,1 7,1 8,1 9,1 10,1 11,1 12,1 13,2 3,2 4,2 5,2 6,2 7,2 8,2 9,2 10,2 11,2 12,2 13,3 4,3 5,3 6,3 7,3 8,3 9,3 10,3 11,3 12,3 13,4 5,4 6,4 7,4 8,4 9,4 10,4 11,4 12,4 13,5 6,5 7,5 8,5 9,5 10,5 11,5 12,5 13,6 7,6 8,6 9,6 10,6 11,6 12,6 13,7 8,7 9,7 10,7 11,7 12,7 13,8 9,8 10,8 11,8 12,8 13,9 10,9 11,9 12,9 13,10 11,10 12,10 13,11 12,11 13,12 13
1,0.0013022096603708577,-0.00036285539328872763,-0.0003613391574571614,-0.00037453372805084924,-0.0004012422322177426,-0.00039467715790816795,-0.0003515799749592897,-0.00035748198565032643,-0.00034549907612157517,-0.00036216356571249316,-0.00035974611213250796,-0.000367646994963424,-0.0003649699122918276,-0.0003577856256287811,5.489385479137081e-05,5.775769336147605e-05,6.163103754404382e-05,5.750648131015529e-05,5.1630828427011715e-05,5.857560496507139e-05,4.8410029500314666e-05,5.479496185594778e-05,5.3304523121157466e-05,5.752492618632403e-05,5.448663527964496e-05,5.4194394847120924e-05,5.986100081153886e-05,6.123429597449351e-05,6.091595892459398e-05,5.081233405319779e-05,5.322299993647233e-05,5.065445718548007e-05,5.364054560135711e-05,5.411081649587941e-05,5.426350200438072e-05,5.6928726037558715e-05,5.3974599282356394e-05,6.28281252515234e-05,6.405700751443462e-05,5.4349654461514324e-05,5.769831137946627e-05,5.6819009997712015e-05,5.402948598195978e-05,5.6179517040908594e-05,5.6033470712853424e-05,5.7427696254347224e-05,5.479168265762545e-05,6.825061668848988e-05,6.203620680694163e-05,5.818437005434003e-05,5.689620765058863e-05,6.180743912588431e-05,5.970969187251611e-05,6.214450519853597e-05,6.294976519094592e-05,5.9702206817913366e-05,5.964271869470277e-05,5.655583035630291e-05,5.84182463283871e-05,6.142978156672353e-05,5.939166953561929e-05,5.9482066482096864e-05,6.217433971696602e-05,5.955666084253717e-05,5.122589233874271e-05,4.6798206681060085e-05,5.524047314023488e-05,5.054040859644619e-05,5.862681427669469e-05,5.267131722267764e-05,4.9213329467109266e-05,5.304628582261301e-05,5.137113629819921e-05,5.5986718818424524e-05,5.695829173544091e-05,5.299761655299169e-05,5.490500229706643e-05,5.090962978764293e-05,5.4793820135261694e-05,5.281424319209501e-05,5.559613637171229e-05,4.977344139325147e-05,5.6335385739578525e-05,5.6592135092851906e-05,5.222215726114385e-05,5.648362440273e-05,5.2351548244903523e-05,5.4580917627134566e-05,5.462062948198254e-05,5.498617470621963e-05,5.6060848068134905e-05,5.2964428824855504e-05
1,-0.00036285539328872763,0.0007034653706933209,5.9280145447351654e-05,6.55609055134179e-05,6.214692570326517e-05,5.819521448716449e-05,5.454440187843983e-05,6.55161159516556e-05,4.544487842039895e-05,6.264806114707045e-05,5.499378413719428e-05,5.883280925501583e-05,5.575927978682506e-05,5.474652096494773e-05,-0.00010240016626913955,-0.00010879975596894598,-0.000119866846213052,-0.00011435049759451893,-0.00010522044104562211,-0.00010864805737457558,-0.00010407944516351683,-0.00010163641359477497,-0.00010450511631596213,-0.00010906569038279534,-0.00010612414006185562,-0.00010490500100780088,-2.678253140555091e-06,-2.851921970594804e-06,-3.247677063726032e-08,-1.650491218733849e-07,-2.603928180838451e-06,5.402296150946868e-07,-1.7178796354454494e-06,-2.9269183353240977e-06,-1.2645261148661957e-07,3.417566905247566e-08,-3.992002403148294e-06,-2.8683261882175937e-06,-3.1013067144130546e-06,-2.583594240739057e-07,-4.116143719024124e-06,1.6488226883892629e-07,-1.8387149219217773e-06,2.4621739189673997e-07,-4.7448040171746814e-06,-3.1500542262646918e-06,5.52485327772421e-08,4.37777487190464e-08,-6.078955766270526e-07,-3.057928825982127e-06,4.48826325542605e-06,-2.764049708425903e-06,8.343167478730175e-07,2.852860776956949e-07,2.1600481465243768e-08,-3.0638997607716534e-07,1.0138437279509841e-07,-3.0019302950090555e-06,1.931597680845956e-06,-2.2443736964377135e-07,-2.423225014028467e-07,1.6506973636795106e-06,-1.4600654623890192e-07,-1.3780221536081974e-06,-1.6914774450341789e-06,1.3791947632752796e-06,-4.2590271997675324e-06,7.388189664645007e-07,1.963825694620334e-06,-1.4160093710353531e-06,5.204791246029644e-07,-1.687624479521456e-06,1.290812629655923e-06,-2.6570960036129172e-06,-3.715201306571453e-06,-1.0721078494303736e-07,-8.343506064844211e-07,-1.36103939909083e-06,-2.1729755085386328e-06,-5.381827170880057e-07,1.4607254126261718e-06,3.810200573295143e-06,-3.4300856268948955e-06,-2.3881331755565796e-06,-1.1838201905711363e-06,-2.527488709168451e-06,4.91412585316606e-07,1.0142974168063853e-07,1.2114818356890567e-06,-2.89752006360777e-06,-1.143508227611134e-06,-4.2752791992088764e-07
2,-0.0003613391574571614,5.9280145447351654e-05,0.0007052709679610444,4.917278447746826e-05,6.524455883120589e-05,7.074555566826738e-05,5.310578994903164e-05,5.761613020730805e-05,5.2499318118107716e-05,5.310705937473739e-05,5.2440927748314735e-05,5.187028581795996e-05,6.17710280200865e-05,5.568389766066681e-05,-0.00010384478828858731,6.56887732452179e-07,-3.3568911095797185e-06,-6.782256341387769e-07,-9.054494706408318e-08,-3.031641038542537e-06,3.29870130631156e-07,-3.083736224129561e-07,-2.1129345625255403e-06,-8.295666615851513e-08,5.5765323144218475e-09,-4.103023382185508e-06,-0.00011250863612402367,-0.0001195122732170112,-0.00011336928122646871,-0.00010556168542845423,-0.00010836699099413925,-0.00010382137499105635,-0.00010312189643560139,-0.00010527861399337398,-0.0001091532049049567,-0.00010599739047714398,-0.00010465729553323277,2.0929963825411223e-06,-3.5953864380724082e-06,3.2173539724808477e-06,5.563466585622427e-07,1.3649752619526944e-06,1.1591018627568259e-06,3.2693366263979203e-06,3.751602868655958e-06,-4.115360911586605e-06,2.1885433002960264e-06,-5.3638830640629515e-06,-7.80812075863433e-07,-1.514775079710615e-06,-2.537338742531055e-07,-2.0588395533008343e-07,-2.5283893237851755e-07,-7.291648943878767e-07,-2.7922909246964576e-06,1.6874092457301709e-06,-1.853955429750156e-06,-2.414059774388415e-06,-5.745194451984783e-07,-1.1518143136161441e-06,6.692558048367502e-07,2.5505456366285853e-07,-9.631229515697083e-06,5.164965855816784e-07,-2.8340998538072265e-06,7.336322653336944e-07,1.5304132989063961e-06,5.652205675380712e-07,-2.8435108823987832e-08,-1.148316030190013e-06,8.816265971474191e-07,-2.727970239192268e-08,-5.612368266542023e-07,-1.3926377328151433e-06,-1.001871668162767e-06,3.0918419999001493e-06,5.516739336320705e-07,3.0096863029564847e-06,-2.64221978243326e-06,3.5056328058662513e-07,-1.661510826902418e-06,-1.066719681245011e-06,-2.4137196010420104e-06,-8.07172839022314e-07,-5.516000412532832e-07,-3.976506822136325e-06,2.3916317852872535e-06,1.1573806365158202e-06,1.0373618081017685e-07,2.4474295022850945e-06,-1.9407137271354328e-06,-7.604619381122617e-08
3,-0.00037453372805084924,6.55609055134179e-05,4.917278447746826e-05,0.0006988834981099378,7.291632984875365e-05,6.964899446118108e-05,4.971617958607231e-05,5.912126321011271e-05,6.0994303072274775e-05,6.098636479284681e-05,6.51825388934821e-05,4.963400137049711e-05,6.59356343499079e-05,5.925373986088781e-05,-5.1240630608864815e-08,-0.00010311996933466142,-4.773207311512606e-06,-3.423686030790251e-06,8.088204477245601e-07,-3.84247492441896e-06,-2.2936250540783094e-08,-2.146641717469869e-06,-8.535791973622155e-07,-4.231131504028015e-06,-4.238652905095098e-06,-9.43498780256662e-07,-0.00010527566847987398,6.278886783296531e-07,-2.827483624282212e-06,4.294199056490214e-06,1.1933924931643749e-06,1.4928312246220342e-06,-6.336850692265222e-07,1.144445087218626e-06,4.023940676630374e-06,-5.147484430034765e-06,1.3043804662041862e-06,-0.00011828573536152746,-0.00011422839476561874,-0.00010642023480974017,-0.00010912850963882539,-0.00010401728129703233,-0.00010163196853220351,-0.00010346468538191898,-0.00010939999644806664,-0.00010515241647392293,-0.00010420029854078942,-4.007381079057379e-06,-1.5539635515187508e-06,1.8467889019779837e-06,-1.3556230039012588e-06,-3.17265919930218e-06,-4.081866640456433e-06,2.1074541424412788e-06,-6.040575940023821e-06,-3.1463837739294746e-06,-1.0420859082466844e-07,7.700894143638262e-07,-5.450293012915918e-06,-2.971947249137563e-06,-4.72064948471742e-06,1.523878522036923e-06,-1.8980445404231555e-06,-3.0416601665480046e-06,2.2432971339639746e-06,3.2947123265195505e-06,-3.8642248079754313e-07,-8.816306267257785e-07,3.4745962075513146e-08,-2.17276344952361e-07,1.8628277851159246e-06,-3.21294708105674e-06,-1.2856235837484514e-06,-5.134072679815989e-06,4.543427929263922e-07,-1.5382114546517613e-06,-3.292334912265568e-06,-2.54090003909332e-06,-2.1479772484972914e-06,8.67731468998862e-07,-4.698981517110268e-06,-1.13647315330917e-06,-4.065942959987245e-06,1.0389741019493733e-06,7.683445132515262e-07,-9.2497488477824e-07,-4.000120491914617e-07,-8.993547078092978e-07,-1.882171357764624e-06,2.4827711491758953e-06,7.440537124978564e-07,-1.680050592740712e-06
4,-0.0004012422322177426,6.214692570326517e-05,6.524455883120589e-05,7.291632984875365e-05,0.0006928850185938069,9.285661429710523e-05,6.942137689999122e-05,6.8115465600792e-05,4.990787817433201e-05,6.345011585199496e-05,5.756745166563563e-05,6.8279843391026e-05,6.9566561108679e-05,5.9245137894183586e-05,-2.916537867768096e-06,-3.6502762923013108e-06,-0.00010482537428539695,-3.610121323999442e-06,-7.560431274808448e-07,-4.8516464476083084e-06,5.241010759802225e-06,-1.8334911743298453e-06,1.1975542329140415e-06,-1.070456810756269e-06,-9.0210422977501e-07,-5.655971011408104e-07,-2.6634526201496683e-06,-0.00010296601946620175,-7.935390074744725e-06,-1.0191872998137838e-06,-3.0545531887686082e-06,9.290901791377004e-07,-7.461372614885251e-07,-6.765566133929413e-07,-2.485577706386116e-06,-3.411196997099408e-06,1.4439475276187086e-06,-0.00010866711079153812,-7.486713936073993e-06,-3.2772499156700264e-06,-4.6461602520743156e-07,-3.0042080714140135e-07,-1.7113338362920465e-06,-2.3505515260020474e-06,-8.074114761075239e-08,-5.396664288914003e-06,-2.2388461768659377e-06,-0.00011163198563468905,-0.00010598226577388761,-0.00010723837817233955,-0.00010523680189224562,-0.00010366653282553264,-0.00010536421447544508,-0.0001081645294369528,-0.00010618858372083457,-0.0001055271891709764,-7.858672677095993e-06,-5.246680320426778e-06,-4.817463557250527e-06,-5.986728295803533e-06,-3.880119176041079e-06,-5.74556482917539e-06,-5.492726328541859e-06,-5.29382253379928e-06,-1.2287648020452246e-06,3.2016751129004724e-06,-4.021827843046082e-06,-6.834213153274123e-07,-6.263231770599741e-06,-3.279340136367832e-06,1.4327420213578385e-06,4.2399620945210854e-07,-1.021244329603311e-08,-2.152220167056228e-06,-3.365234859173789e-06,6.833735778425995e-07,-1.920467170992427e-06,2.1660382705154354e-06,2.412947864599463e-06,5.318086683717805e-07,-1.095716992345829e-06,2.9078903892796754e-06,8.338045527850422e-07,-2.842225276860495e-06,-1.755813200199158e-06,-5.399494041330278e-07,1.7082668273245505e-06,-1.4493220552299463e-06,1.1572864317333867e-06,-2.744799029573509e-06,-1.2692889631576243e-06,7.833323744230033e-07
5,-0.00039467715790816795,5.819521448716449e-05,7.074555566826738e-05,6.964899446118108e-05,9.285661429710523e-05,0.0006961627630026856,6.543151396569066e-05,5.5391676113159246e-05,5.885157984890435e-05,6.92310666656187e-05,6.0072488635367354e-05,6.582012590489197e-05,6.317269512915404e-05,6.264054961902477e-05,-6.271796433539026e-07,-2.5961841813960484e-06,-3.888797176117153e-06,-0.00010402502776473594,1.4581132565416272e-07,-2.718792566844296e-06,2.1986186562489793e-06,1.634390678129929e-08,-5.899953835368014e-08,1.8742173945544602e-07,2.258605805530367e-07,-1.7528323489891975e-06,-6.603934816161372e-06,-8.569988787227019e-06,-0.00010230625679686346,-1.8527314336646433e-06,-1.941108477787195e-06,2.3814936063933158e-08,-2.2023807990458776e-06,-4.83882664298625e-08,-1.2812664885540967e-06,-8.890798064809826e-06,1.9908492127273028e-07,-6.0010245202082e-06,-0.0001098303841011809,-1.3944680233104461e-06,6.36695562923805e-07,-4.972506702593436e-06,-2.1752126502539704e-06,-2.922390573813033e-06,-5.340161180883373e-07,-1.244638185648663e-07,-2.4637680673720375e-06,-0.00011669288630227476,-7.516487406008028e-06,-3.107793680856459e-06,-5.4263461064855856e-06,-6.738148389682705e-06,-3.909885099192316e-06,-5.887946771838674e-06,-4.21288376738863e-06,-5.410985763119026e-06,-0.0001058873028247363,-0.00010894817687651249,-0.0001045512325805211,-0.00010283877551640888,-0.00010474353514757772,-0.00010793463225833587,-0.00010710022604853548,-0.00010491667377432664,1.107959846251667e-06,2.8775842255524603e-06,-4.27932558467894e-06,8.844930199788678e-07,-4.949569091478569e-06,-2.3093815343655417e-06,-1.355952448784799e-07,6.918982345453697e-07,-4.2858639163619357e-07,1.1025260251521272e-06,-2.508744976538665e-07,2.8135230889564892e-06,-1.8194819101313922e-10,-2.512946401842922e-06,-8.39660671641476e-07,-1.2448678117990558e-07,-6.404308509184227e-07,-7.868364642255342e-07,-3.1615333606923724e-06,-4.083817231635621e-06,-8.690937700591988e-07,-3.0306942931529983e-06,3.2927810264226087e-07,-3.107047104238851e-06,-2.394868958301342e-06,-7.607901961141516e-07,-2.5850252115848156e-06,2.1429655956574626e-06
6,-0.0003515799749592897,5.454440187843983e-05,5.310578994903164e-05,4.971617958607231e-05,6.942137689999122e-05,6.543151396569066e-05,0.0007017029064208824,4.45133306935851e-05,3.686749394095483e-05,5.529594480154738e-05,4.9533363298152576e-05,5.989832778204401e-05,5.3549994586793815e-05,4.388542335515236e-05,-6.835929846551548e-07,8.197352452570622e-07,-1.7390458595957632e-06,-4.884958393361752e-07,-0.00010326295504711104,-9.170877253609585e-07,1.998980615685136e-06,-3.1590451919214036e-06,6.052283353547787e-07,2.1155259358966547e-06,-1.953219496907293e-06,4.830360436953456e-07,1.0284132890310298e-06,-1.377532101616317e-06,-1.6805858277327665e-06,-0.00010181972524268917,-1.887997365574722e-06,1.496428701357028e-06,1.4844621451520898e-06,-3.9596497953304717e-07,-1.3275600696903004e-07,-1.6844597327486725e-06,9.515558508275329e-07,-9.239747676236389e-07,-5.73290683209725e-07,-0.00011024215676133295,3.1132678660097384e-06,4.431550100412177e-06,1.3714889367109575e-06,-5.207810263265579e-08,-5.269987239344116e-07,6.343339192521754e-07,2.745407755246103e-06,-5.0878320538645885e-06,-0.00011862764864346468,1.4348655402730203e-06,3.232074403052756e-06,-3.7791068677514885e-06,-1.2380346746258509e-06,-5.094410412053589e-06,-2.898136945169235e-06,1.7086517011960264e-06,-0.00011369121926293316,1.9764051914240363e-06,3.4565147001369655e-06,-3.401056358095941e-06,4.187505901297321e-07,-3.5271146260350354e-06,-3.183296973180201e-06,2.3946156151410284e-07,-0.0001093539996354828,-0.0001047003384664328,-0.0001033349091689183,-0.00010422371955917915,-0.0001090245793598403,-0.00010578235617397958,-0.00010490581341721306,2.661852378477877e-06,1.4733427903397192e-06,2.31878599773044e-06,1.0813407622242935e-06,3.4615806988529377e-06,3.4478763793251468e-06,2.4394103533436947e-06,1.469822336084218e-06,-9.32955427396623e-08,4.001974275436046e-06,4.948790448509749e-06,1.0405662141085734e-06,-3.0587290846939606e-06,-2.8626081976852806e-07,1.3296496908695917e-06,1.0728333743889479e-06,1.0149821497748627e-06,4.3757069311055436e-07,-1.5869884101039547e-07,6.623515420265966e-07,2.498804389757059e-07
7,-0.00035748198565032643,6.55161159516556e-05,5.761613020730805e-05,5.912126321011271e-05,6.8115465600792e-05,5.5391676113159246e-05,4.45133306935851e-05,0.0006984969863224879,5.749235016744765e-05,4.639173141559503e-05,5.67701277439689e-05,6.2242116308422e-05,4.98408323811396e-05,5.41754165086789e-05,-3.1827642976003497e-06,-3.51600371042923e-06,-5.592975590515288e-06,-3.2987898378441386e-06,-6.263762339296304e-07,-0.00010359237275686047,-2.6814709484129334e-06,2.5327910586194683e-06,-2.6143483123756566e-06,-4.858835593204235e-06,-1.1833806686764904e-07,-8.102702313202244e-07,-2.3947582514894662e-06,-3.6764387439963446e-06,-1.8529342543886988e-06,-2.154684165547726e-06,-0.00010173060115273607,-4.602298578893298e-07,-8.915033656916087e-07,-1.9389508488264945e-06,-2.2491520890686433e-06,3.3449883608297e-06,5.096847830087203e-07,1.2921716778476618e-06,8.868239675948725e-07,2.2001004550278627e-06,-0.00010957480254240117,-3.910007266817359e-06,1.4005975252298154e-07,-3.689871714518389e-06,-1.5670917843245655e-06,-2.4651323899799814e-07,-2.4359377426067426e-06,-2.0523909600154718e-06,2.451948559954684e-07,-0.00011719307513291962,-1.1292552996633205e-06,2.8510059832096485e-07,-2.6022368045553922e-06,-3.2230353226737134e-06,1.7653033303894017e-06,-1.8561317342498762e-06,2.4217840218242285e-06,-0.00011409898351484285,-3.3157507244239517e-07,3.7159588216204535e-07,1.0609057554582038e-06,-9.815248448326608e-08,2.562220348090997e-06,3.6040783752974285e-07,-0.00010625651618758852,9.091786399741836e-07,1.472837890488119e-06,2.5657081114381195e-06,8.226459018217841e-08,3.819434594574681e-06,3.291421186975532e-06,-0.00010315491487254271,-0.00010285568372286133,-0.00010476109609504975,-0.00010777213876840624,-0.00010616248983168824,-0.00010486016059417351,1.3275344569720146e-06,-2.074874330616972e-06,1.5485248343505011e-06,-5.757077539042344e-06,-6.836198275240934e-08,-4.882909467917363e-07,-4.3394474786406386e-07,3.0661890834892325e-06,-7.862266141966469e-07,-5.720318476963251e-07,-1.7126064398746503e-06,1.3207037125050167e-06,-2.020051928036602e-06,-3.220706136495061e-06,2.6969421679207657e-07
8,-0.00034549907612157517,4.544487842039895e-05,5.2499318118107716e-05,6.0994303072274775e-05,4.990787817433201e-05,5.885157984890435e-05,3.686749394095483e-05,5.749235016744765e-05,0.0007036096232145754,5.239186062983462e-05,6.213583043231795e-05,5.374798715701732e-05,5.5489213661170716e-05,4.628619499202424e-05,3.3192423017386936e-07,6.291346254890637e-07,4.974309649357464e-06,2.01516993321284e-06,2.6017237444292697e-06,-2.2315955341146472e-06,-0.00010405638741218357,-9.914674013900673e-07,-2.900690835598436e-06,-1.5025377461637032e-06,2.0739025685357345e-06,3.8053052918666215e-06,-1.641752107875405e-06,5.314511763660759e-07,2.7614897975156667e-07,1.7421086934603024e-06,-1.3796698492165585e-08,-0.00010208615104387672,2.405333050042819e-06,-3.980081775753234e-06,-5.554252102446947e-07,-1.211228883857363e-06,-1.0345208856898627e-06,1.036560946629051e-06,-5.0698483442239955e-06,3.575547678040834e-06,-4.149209323713934e-06,-0.00010938067313531871,-1.8460198874883374e-06,-1.6802438209890488e-06,-3.8282721774334405e-07,-3.1065623323271734e-06,-1.7730365005934446e-07,-1.0288639799167866e-06,4.9497506712477986e-06,1.9478479150122774e-06,-0.00012009629565991849,1.4734379718522695e-06,1.2596894906970056e-06,1.2658923936176412e-06,1.34710240498412e-07,2.922935286519747e-06,4.394555951988316e-06,2.1550144277930015e-07,-0.00011440671571718317,-2.4492272079631716e-06,-2.02115763294646e-06,6.424970575684353e-07,-7.501760049023391e-07,-5.232074516366241e-07,1.2560440251170905e-06,-0.00010657395110332403,1.6696212246908631e-06,7.995349726789719e-07,-9.790998052916734e-07,4.915754068709146e-06,4.798926073281217e-06,-0.0001083484053473121,5.811915759967753e-07,-2.976246051794008e-06,1.9222453210914736e-06,-5.418476069721424e-06,-2.8310782709370542e-09,-0.00010236069599150933,-0.00010377138577131978,-0.00010804499807303992,-0.00010667392596970089,-0.00010512241095798459,-3.8035766264323307e-06,-1.011558267633592e-06,-1.659175388460297e-07,-7.667680240531719e-07,-3.9268034143791843e-07,-1.946255036684967e-06,-2.536755582988357e-06,-1.5777609768642182e-06,1.747968617613315e-06,4.6759079280469616e-07
9,-0.00036216356571249316,6.264806114707045e-05,5.310705937473739e-05,6.098636479284681e-05,6.345011585199496e-05,6.92310666656187e-05,5.529594480154738e-05,4.639173141559503e-05,5.239186062983462e-05,0.000704764292559437,5.909105696761195e-05,6.227556923078859e-05,4.957401006526976e-05,5.792795862904384e-05,-9.390747423192553e-07,-2.1395202241996775e-06,-2.89097660031211e-06,-5.115014737432972e-07,-3.084590459802197e-06,2.0755107070841983e-06,-1.5915498083136334e-06,-0.00010310323341644824,-2.8585306598876594e-06,-3.0516397005807327e-06,-8.383725654909816e-07,-2.25645213138748e-06,-2.720462977811956e-06,3.2488511743598307e-07,-6.848355443795806e-07,2.767726373227688e-06,5.416780424333642e-07,3.207603411555819e-06,-0.00010307962546960598,-2.7551171905226418e-06,-1.6925427586171865e-06,-3.1099305464750573e-07,-3.520756046309937e-06,-1.4260384512614372e-06,-3.1856856907964026e-06,-3.586900635430635e-07,-6.940353632007596e-07,-2.4768035491468677e-06,-0.00010843693092700137,-2.564351221995896e-06,-1.2950541311853724e-07,2.383874310970129e-06,4.4838843794007004e-07,-3.0739516345243666e-06,-2.5239536467825137e-06,2.8279646966749685e-06,1.0937763042969723e-06,-0.0001197341317595324,9.239342605707762e-07,-2.4063380598521345e-06,-4.5352124742690886e-07,3.9313336431514685e-08,-3.1980995915019088e-06,2.3670012985011463e-07,-3.003245748071621e-06,-0.00011374535897214592,-3.002148242209117e-06,-3.4831575295756355e-06,-8.993167976421278e-07,-2.335202641969526e-06,1.6364682572760113e-06,1.48048432022139e-06,-0.00010642131690656648,1.5085030570432646e-06,-3.92900782857366e-06,4.775772591250466e-07,1.5970541749195838e-06,2.148758482565718e-06,-0.00010966919914894066,-1.6604741561391667e-07,-1.5457423386972013e-07,3.5189598747303783e-06,-4.0003111401566914e-07,-0.00010399127707310822,-2.892058677345994e-06,-1.0620489702779172e-06,-1.4216954802475746e-07,-2.780161852419131e-07,-0.00010486911669218328,-0.00010825252556099782,-0.00010644898002288321,-0.00010515962964602531,-1.2685320702613936e-06,1.2494337721054657e-06,-3.8151033464808625e-06,2.6553367325460244e-07,-7.848411085229479e-07,9.102506826889431e-07
10,-0.00035974611213250796,5.499378413719428e-05,5.2440927748314735e-05,6.51825388934821e-05,5.756745166563563e-05,6.0072488635367354e-05,4.9533363298152576e-05,5.67701277439689e-05,6.213583043231795e-05,5.909105696761195e-05,0.0007024444860522797,5.098635971826797e-05,5.674666824578823e-05,6.007979521105879e-05,-2.2929863681924e-06,-8.442942429405856e-08,9.755640252092397e-07,-9.839915392923132e-08,1.1205327987041619e-06,-2.1156365518267815e-06,-2.892485858820089e-06,-2.341178067644904e-06,-0.0001037422348580535,-6.92109079741765e-08,-6.788136686838548e-08,4.358270894624992e-07,-7.033150530574202e-07,4.3992813371032506e-07,1.7959150397346485e-06,7.10142439742611e-07,-3.1290577108801744e-07,-2.967286491401092e-06,-2.6282687348847193e-06,-0.00010322233754368632,1.6611178614569598e-06,9.54510428030136e-07,-4.3539030657421103e-07,-2.2331837574994974e-06,-4.20544346556737e-06,-1.6274341412074953e-06,-4.931466781069511e-06,-2.5941825900065427e-06,-2.589233617685494e-06,-0.00010823373553430045,-1.4021720563940653e-06,3.3940549297136546e-09,-1.690211965005215e-06,1.3344283688951048e-07,8.535074721575455e-08,1.3701386070585445e-07,9.107760708444525e-07,1.0143487118592452e-06,-0.000119642095895524,2.5408152965493596e-06,-7.78928832741353e-07,4.58089084455132e-07,1.3929157638518345e-06,1.6383680716310454e-06,-1.8720563126668876e-06,-2.3689768636554427e-06,-0.00011452195748846422,1.265578075309944e-06,-3.756703198958409e-06,-2.7906498936897665e-06,1.924958944242382e-06,5.685241820803158e-08,7.478446529491044e-07,-0.00010545588139338848,5.900873785141424e-07,1.269874830827365e-06,-2.4761325273650803e-07,-1.9809658970605955e-06,-5.750725543943172e-07,-0.00010937829818179819,2.2832558993709475e-07,-1.991186833975712e-06,5.955967176125551e-07,-3.345961522405372e-06,-0.00010339371466559968,-7.447005338854684e-08,-2.5046018417760528e-06,-3.2639765386547656e-06,-0.00010291892108306988,-8.71441685483677e-07,6.772717131544705e-07,-4.939213121507477e-06,-0.00010851716203514425,-0.00010573595127306198,-0.00010411061662592215,1.9937676013275586e-06,-1.0634090284705848e-06,-2.659725592931271e-06
11,-0.000367646994963424,5.883280925501583e-05,5.187028581795996e-05,4.963400137049711e-05,6.8279843391026e-05,6.582012590489197e-05,5.989832778204401e-05,6.2242116308422e-05,5.374798715701732e-05,6.227556923078859e-05,5.098635971826797e-05,0.0006986328036393652,5.669666403434828e-05,5.9500633655163154e-05,4.671962117087899e-07,-3.0634468435731507e-06,-1.0348481417924915e-06,6.558210742196343e-07,3.013888116302194e-06,-3.987528199103906e-06,-9.256069144901973e-07,-2.1807871494571596e-06,4.5592779970746425e-07,-0.00010414024437781334,-3.3307600926123506e-06,-1.6357507186831552e-06,1.7598953017546287e-06,-1.5386735894925655e-06,2.0368110711317157e-07,9.589533827052078e-07,-1.0444247816942963e-06,3.5799049288071334e-07,-1.756770741017833e-06,1.3566925006046295e-06,-0.00010293374560723589,2.2794667422443756e-06,-2.472310153871205e-06,2.8802792418991e-06,7.026179959974463e-07,-1.8762790809523906e-07,-2.402551891854719e-07,8.319520008291908e-07,1.8299567437870807e-06,7.299161294589589e-07,-0.00011033632606592889,3.283642655384746e-06,1.295812020306733e-06,-3.287051690352629e-06,-4.927338653758686e-06,-1.9936893313584805e-06,-5.167595213643533e-07,-3.6339663602482707e-06,1.2739237054911568e-06,-0.00011851515178680903,-2.2733686588796345e-06,-1.7352326020020825e-06,-3.769524522098071e-06,-8.994620666856632e-07,-5.657925166224759e-07,-4.026575495391351e-06,-5.745266833141086e-08,-0.00011332325718822044,-1.5788540058072744e-06,-2.8438705171218716e-06,-2.5924776175561234e-07,-1.1724070377521792e-06,-3.9441383779180124e-06,1.1732422695218282e-06,-0.00010635015093907211,-8.432940582963647e-08,1.1117674954562567e-08,2.1323046460335696e-06,-1.4239745958481105e-06,-5.999581663456743e-07,-0.00010825957812023323,-2.298900708884325e-06,-3.6123932961764473e-06,-1.0883559502001364e-06,2.0730705377222318e-07,-0.00010360335511230811,-2.3091831766296773e-06,1.2362815696089753e-06,-1.6943968421947176e-06,-0.0001022541262796982,-6.034605048686106e-07,-1.5853753852693356e-06,-0.00010435893971213578,1.7896817709091287e-06,-8.052544917917079e-07,-0.00010581405384248065,-0.0001043232009595875,3.0361075160607974e-07
12,-0.0003649699122918276,5.575927978682506e-05,6.17710280200865e-05,6.59356343499079e-05,6.9566561108679e-05,6.317269512915404e-05,5.3549994586793815e-05,4.98408323811396e-05,5.5489213661170716e-05,4.957401006526976e-05,5.674666824578823e-05,5.669666403434828e-05,0.0007017674588346124,5.0674810191941514e-05,-1.0969564414999e-08,-3.4215761418312414e-06,-9.513879004417668e-07,2.3403673186391217e-07,-1.2098679561712998e-06,3.731894983305267e-07,2.237946005362465e-06,-1.642287488669622e-07,3.73871134562408e-08,-3.600536235551882e-06,-0.00010396552377614821,-2.721296152529947e-07,-7.993871261164006e-06,-3.237213012537227e-06,-8.153093481895705e-06,-9.991871540943384e-07,3.995678046366943e-06,-7.905136989367382e-07,-8.726420613381861e-07,3.921676587725665e-07,1.7154343881002285e-06,-0.00010249726210876874,1.3343294523643163e-07,-5.109749165963541e-06,-9.861918884787633e-07,-1.0200837993998383e-06,-1.178577217498451e-06,-3.836864078410949e-06,2.307595369518686e-06,1.5357935877035172e-07,1.3575974712167722e-06,-0.0001089183052237739,-5.711061964203463e-07,-1.2473934171467451e-06,-2.5272424242692712e-06,3.225274249329281e-06,-1.5869382993462348e-06,-1.3699225884829206e-06,-1.8572410172144184e-06,-2.0647021980653884e-06,-0.00011908717350091465,1.2191422485503534e-06,-2.004368323705932e-06,3.373946935283522e-06,-3.945981471941959e-07,-2.6382294705914504e-08,-3.523394418346526e-06,9.207631944285793e-10,-0.00011501269989419283,2.675909056346256e-06,3.038978075740737e-06,3.756078798157206e-06,-3.0254834836590707e-07,1.1029139802023976e-06,-8.40021675272285e-07,-0.00010556171252033818,3.1559913137201445e-07,-4.20841571548225e-06,3.2069990317956794e-06,-1.939609763724027e-06,-1.4156716741767324e-06,-0.0001092251152022457,5.392888936522176e-07,6.603916187908296e-07,-1.1675499197922093e-06,-1.6127044810800707e-06,-0.00010449665334195231,6.253349277121317e-07,7.102514878671056e-07,3.2290801511323806e-07,-0.00010296308610153218,5.774352177935124e-07,1.7109947039214888e-06,-0.00010436783845546639,-1.83830322804596e-06,-0.00010811066096932199,9.629415416223007e-07,-0.00010502710250437602
13,-0.0003577856256287811,5.474652096494773e-05,5.568389766066681e-05,5.925373986088781e-05,5.9245137894183586e-05,6.264054961902477e-05,4.388542335515236e-05,5.41754165086789e-05,4.628619499202424e-05,5.792795862904384e-05,6.007979521105879e-05,5.9500633655163154e-05,5.0674810191941514e-05,0.0007023037394833252,-3.7557302651587754e-06,1.4787080975803647e-08,-5.642233853581762e-07,-1.5017279114828809e-06,1.404793316710558e-06,-9.750637414111449e-08,4.006920219965257e-06,-1.251209831249601e-06,7.736111830847896e-07,-1.718119175594814e-06,-1.1237127858660189e-07,-0.0001042062558670024,-1.1522927496104418e-06,1.990809590818111e-06,1.2330487605861298e-06,1.7317786571966961e-06,1.5764272852357577e-06,-6.178940269199009e-07,-4.065476920584902e-06,-1.041184109208867e-06,-2.9077919774787036e-06,1.7160114481477097e-07,-0.00010243122581723348,-1.5938343289511156e-06,-2.927721687639377e-06,1.360228985270257e-06,-3.0869738973457456e-06,-5.711148850541255e-07,7.515266679890534e-07,-1.1656971559916916e-06,-3.3979530267762743e-07,-2.0315719373864779e-07,-0.00010877618481783691,-1.8117734203364e-06,2.7293011982828897e-06,4.2362859873580957e-07,2.3361836287183518e-06,-1.394180045703516e-07,1.5464751731605488e-07,-6.429203713595624e-07,1.9939345671974334e-06,-0.0001194585381954628,7.761894742119898e-07,5.545930912274106e-07,-9.092083811260634e-07,-1.9966183748944113e-06,-3.2371585930355645e-06,-2.0381182753586875e-06,2.1829078167287425e-06,-0.00011401093673879228,3.148737549720297e-06,4.444472627978497e-06,1.4015892581256733e-06,2.6421497697007e-07,9.115906430066606e-09,8.25637611932392e-07,-0.00010606592962685445,1.1091276117147378e-06,-6.793402155839363e-07,5.938702638725921e-07,-2.660978278070687e-06,5.634097627438726e-07,-0.0001093051457306899,1.5041068605942154e-07,-2.273418957231892e-06,1.833873532411499e-06,2.2202250236499536e-07,-0.00010427571823491271,-4.6754062950971215e-06,-6.112245494995615e-07,7.849694509775626e-07,-0.00010314833541073262,-1.3015886187341662e-06,-2.2313891517612095e-06,-0.0001039310820032332,1.0227341748892815e-06,-0.00010829239559965733,-0.0001063275147927681
1 2,5.489385479137081e-05,-0.00010240016626913955,-0.00010384478828858731,-5.1240630608864815e-08,-2.916537867768096e-06,-6.271796433539026e-07,-6.835929846551548e-07,-3.1827642976003497e-06,3.3192423017386936e-07,-9.390747423192553e-07,-2.2929863681924e-06,4.671962117087899e-07,-1.0969564414999e-08,-3.7557302651587754e-06,0.00021007837499792322,-5.467162588186575e-06,3.7929089516673057e-07,1.5057762274663085e-06,8.869233361859365e-07,1.4963057340235408e-06,5.25262640648905e-07,-1.4879477016580827e-06,-1.5859098348384807e-06,-1.2399693371376336e-06,5.558736220612723e-09,-4.047480650235306e-07,1.4754990680017651e-06,-6.903314855849302e-07,-2.605384709167092e-07,1.203282936957601e-06,7.504066310543119e-07,-5.3921796163320286e-08,1.2418653120242976e-06,1.354476467769668e-07,-9.06716159412176e-07,-1.4204312001345396e-07,-6.92880155512468e-07,4.828600378916163e-07,3.675632278319366e-07,-3.362553454037316e-07,8.840745907911718e-07,-4.1484688334955065e-07,1.0263814026815026e-07,-8.42870956178864e-07,1.8944170677759868e-06,-5.178170229363568e-07,4.518396597142213e-07,-4.66866731525123e-08,-1.622549141077724e-07,1.7458368281646779e-06,-8.411786383708623e-07,7.738504525397991e-07,1.7960648228087902e-06,1.4081972863928732e-06,2.6634078808791587e-07,7.565307152987008e-07,9.553587758114178e-07,-4.0504645186687896e-07,-2.0088857464692013e-06,-1.2819568927460637e-06,1.787863213405032e-06,-9.885872814524262e-07,1.5329488363417063e-06,1.5241131531812567e-07,8.964278860214579e-08,4.682695431680668e-08,-1.2502560774704696e-07,1.0523552761406499e-07,-1.4525899861055902e-06,-1.547544085590223e-07,2.761171612816942e-07,4.2658119807059485e-07,-8.261679972179339e-07,3.313722112198711e-06,2.2006217817148639e-07,-9.266347551270654e-07,-1.7285199221600266e-07,4.4796412353046806e-07,1.399618937966643e-06,3.0439202919412083e-07,9.833601407821123e-07,1.8268992947154942e-07,1.3029184018048468e-07,-4.899989942464345e-08,5.466609898766875e-07,1.4053620357599494e-06,-1.472456389651662e-06,-1.5967257881716921e-06,1.0317336919766717e-06,-1.703670352871875e-06,2.120481840545073e-06,1.3988340747171493e-06
1 3,5.775769336147605e-05,-0.00010879975596894598,6.56887732452179e-07,-0.00010311996933466142,-3.6502762923013108e-06,-2.5961841813960484e-06,8.197352452570622e-07,-3.51600371042923e-06,6.291346254890637e-07,-2.1395202241996775e-06,-8.442942429405856e-08,-3.0634468435731507e-06,-3.4215761418312414e-06,1.4787080975803647e-08,-5.467162588186575e-06,0.0002101387778415769,3.3547619436469745e-06,4.5610212153161326e-07,-1.1161296294713054e-06,2.169336717547989e-07,5.222671082717627e-07,1.9524743670718655e-06,2.315822711162174e-06,-2.0215086977107446e-06,1.9578633230116217e-06,1.3415507363456896e-06,-3.333045116172587e-08,5.196466644569427e-07,4.202076740302298e-07,-3.660352725709439e-07,8.689829938995957e-07,-4.066371952601473e-07,1.8913975275107598e-07,-9.257227618777672e-07,1.9102884956966927e-06,-5.019788575252072e-07,4.5542253252502767e-07,-6.103946342628618e-07,-2.7134451859661244e-07,1.156573603494155e-06,7.053152043835033e-07,7.41207936604352e-08,1.1645878052674652e-06,-5.327596911391223e-09,-8.301145309863472e-07,-1.9422111845437638e-07,-6.078718809478452e-07,1.8155675195400104e-06,-4.894199005478781e-07,1.4898991302888934e-07,-8.287257548864645e-07,1.315851341349752e-07,-4.712814628792054e-07,1.1678040820740479e-06,1.661167634764058e-06,5.611448417339891e-07,-5.610338162485231e-07,1.6670517636912474e-06,-1.8421942050392323e-07,-4.885275759864329e-07,-5.138104732106691e-07,9.5632800678936e-07,2.444449674805527e-07,1.0303793347144603e-06,7.09119291783958e-07,-1.936467257488992e-06,5.479977301025405e-07,-5.068963703060168e-07,-4.417471581322631e-07,1.2106983067179327e-06,7.630133705814282e-08,1.4633693497641113e-09,-9.47681038833787e-07,2.7731037575138617e-07,1.6634839651561177e-06,1.1980428975377671e-06,2.463849719110133e-07,1.451456213490433e-07,9.881196748062656e-07,6.398374390705067e-07,-7.105357668547261e-07,-1.2354037753498901e-06,9.639282830241502e-07,7.1798600900974e-07,5.503163134613389e-07,-5.536573823429564e-07,4.5532949285840246e-07,1.097775407161547e-07,-8.154996170840416e-07,1.6972089078220606e-06,-4.887310358174018e-07,2.109260719883369e-07
1 4,6.163103754404382e-05,-0.000119866846213052,-3.3568911095797185e-06,-4.773207311512606e-06,-0.00010482537428539695,-3.888797176117153e-06,-1.7390458595957632e-06,-5.592975590515288e-06,4.974309649357464e-06,-2.89097660031211e-06,9.755640252092397e-07,-1.0348481417924915e-06,-9.513879004417668e-07,-5.642233853581762e-07,3.7929089516673057e-07,3.3547619436469745e-06,0.000210825603433086,7.22339184194149e-06,1.8688869975550357e-06,4.517901845149453e-06,-1.4391603768882783e-06,-6.199134495824755e-07,-7.786918588837376e-07,1.9351524922809695e-06,1.5082514201965982e-06,-2.183215943731024e-07,4.264217978597407e-07,8.87840261517777e-08,7.651022023493212e-08,-1.5847260069845603e-07,1.8712949430652687e-06,-8.489571699467296e-07,8.045447756430744e-07,1.6819327606715893e-06,1.3607828194891086e-06,2.420398823986337e-07,8.334211412295058e-07,1.566986879986253e-06,1.853879801485788e-06,-4.883508679168127e-07,1.0479780937513577e-07,-8.355791656060435e-07,1.63735001539162e-07,-4.2865787200715434e-07,1.2104644387411403e-06,1.6779392481896644e-06,5.266300832992456e-07,-1.7301421348516612e-07,1.275619750040902e-06,9.55641322834024e-07,-2.1876355362465102e-07,1.3392163816492445e-06,-1.2086649121302e-07,-9.121291072129749e-07,-3.013346250823302e-07,-3.4860719679584785e-07,-3.2143048502999497e-07,1.4623497090053394e-06,-8.361016148855935e-07,-1.919345053277658e-07,-5.377297252541737e-07,-1.2725230189938428e-06,-4.0035599366683997e-07,9.960317504397577e-07,1.8109773817251282e-07,-1.0083805638955096e-06,2.1997731028545835e-06,-3.8692042293398567e-07,-5.790004941110787e-07,1.4386642765024614e-07,-7.468936342052212e-07,2.490009776445467e-07,-1.6392862784851195e-07,1.9841098097012954e-07,1.8346130172600644e-08,-1.2272109618344417e-08,1.3245579771482497e-06,-3.9429527322380896e-07,7.15047903312205e-07,1.1157519850613833e-07,-1.9582705039175444e-06,-2.366117530933949e-06,5.072030994915204e-07,3.335723643783507e-08,8.556171507231091e-07,-8.171307386524967e-08,-1.03996284609587e-06,-1.0333924445989023e-06,-7.670074033623705e-07,2.1374632325251692e-06,7.004963454061987e-07,2.354794045275938e-07
1 5,5.750648131015529e-05,-0.00011435049759451893,-6.782256341387769e-07,-3.423686030790251e-06,-3.610121323999442e-06,-0.00010402502776473594,-4.884958393361752e-07,-3.2987898378441386e-06,2.01516993321284e-06,-5.115014737432972e-07,-9.839915392923132e-08,6.558210742196343e-07,2.3403673186391217e-07,-1.5017279114828809e-06,1.5057762274663085e-06,4.5610212153161326e-07,7.22339184194149e-06,0.0002102851209065419,1.3276513556347045e-06,5.283205906925997e-07,-3.2445024720409007e-07,5.292094320577493e-07,-5.910413992071055e-07,1.965517175528978e-06,-9.247081808259636e-07,1.8700791879578658e-07,3.0455580496337016e-07,3.0914309701681087e-09,-6.476502480777008e-08,8.834228795241244e-07,-3.628246364405666e-07,-1.9623868866560873e-06,-1.2937411571880808e-06,1.7235442825245366e-06,-9.939469138110418e-07,1.5207946603463465e-06,1.0620515142197908e-07,1.834599325565916e-06,1.5370895172127317e-06,-6.599547444117875e-07,1.6981162001743526e-06,-1.820391144691003e-07,-5.058267642223001e-07,-5.440527782452336e-07,9.498347889047354e-07,2.3665668403174136e-07,1.0248854864914697e-06,-6.004463195726223e-07,-2.7276740878309953e-07,1.4714818050038212e-06,-8.226084186760638e-07,-2.489922131929487e-07,-5.031631900970286e-07,-1.2992807642309957e-06,-3.5562267920478174e-07,9.013723980232459e-07,1.0705260702490686e-06,1.0415333294239768e-06,-1.2969946696952325e-07,1.1644219968298687e-06,-9.52384031962496e-08,-1.0267550208272566e-06,-3.18891489275013e-07,-4.88703520486139e-07,-3.823052925527825e-07,-6.844686694064603e-07,7.497523565268915e-07,-5.971895513480395e-07,-2.278720983549764e-06,3.972200424625419e-07,6.256412250821453e-07,1.345525637428497e-06,-2.5561783852593336e-06,2.0604707341480883e-07,4.338140169749581e-07,2.9208769095450867e-07,4.000007999964922e-07,3.2606177088654154e-07,1.0731202311019143e-07,-4.047683811786266e-08,-9.3435744682471e-07,3.437282774225569e-07,5.803643658238654e-07,9.364435766537107e-07,3.746388334815382e-07,6.867028517086721e-07,4.057507817821664e-07,1.172819584194021e-07,1.1146624162624145e-07,1.2063205402945629e-06,5.504971472897842e-08,-1.2883766807216673e-06
