,1,1,2,3,5,6,7,8,9,10,11,12,13,1 2,1 3,1 5,1 6,1 7,1 8,1 9,1 10,1 11,1 12,1 13,2 3,2 5,2 6,2 7,2 8,2 9,2 10,2 11,2 12,2 13,3 5,3 6,3 7,3 8,3 9,3 10,3 11,3 12,3 13,5 6,5 7,5 8,5 9,5 10,5 11,5 12,5 13,6 7,6 8,6 9,6 10,6 11,6 12,6 13,7 8,7 9,7 10,7 11,7 12,7 13,8 9,8 10,8 11,8 12,8 13,9 10,9 11,9 12,9 13,10 11,10 12,10 13,11 12,11 13,12 13
1,8.836829109341702e-06,1.6167231969262084e-08,-3.3807186046857194e-07,-3.275651823251236e-07,-6.864839208268398e-07,-5.307598027425123e-08,-5.764586998209382e-07,1.080498616433978e-07,1.373794197146301e-07,5.8883889702025454e-08,-7.682604699873503e-07,-5.716615380318487e-07,-7.935511334196933e-08,-1.1629806165978026e-10,-1.5190610572557147e-08,2.7564640879281444e-08,-1.0877674332014552e-08,3.525369069725417e-08,-6.817556499170719e-08,-6.093146230149745e-09,-6.437584123332e-08,-1.621516319231294e-08,-2.63924277870443e-08,-1.257788605494648e-08,-3.294780572073473e-08,2.94798921376051e-07,1.6701094574465274e-08,2.360865635507228e-07,1.664477040353406e-08,-1.422365845374009e-07,-1.3744953413861068e-07,2.9820513183249097e-07,1.1873338098972486e-07,5.0954226430561425e-08,4.530234713684701e-07,7.313762873759261e-08,3.1589651735038797e-07,-8.542190904573616e-08,4.579759523947332e-09,2.213891632496039e-08,4.0797171908067333e-07,2.9524201766894236e-07,4.660938029482311e-08,3.0985025038239633e-09,6.134149804387129e-07,-1.3333478314570232e-07,-1.3709106920852202e-07,-1.1089544671109224e-07,8.194665542092827e-07,4.909178338479879e-07,8.126691213162162e-08,7.692971831413986e-08,1.29959075970095e-08,-2.371684573566693e-08,-1.659570291779024e-08,1.153006506862498e-08,-8.11571715386192e-08,3.730545296209605e-08,-1.3671142034411299e-07,-8.319999463083527e-08,-1.2178259836224808e-08,6.572731138094955e-07,4.390654374807061e-07,7.318325506218427e-09,-1.080159434992122e-07,1.0492496139469601e-08,-1.5442932132591966e-07,-1.3054165291258026e-07,-3.209763498060377e-08,7.580507764770403e-08,-1.753997771640041e-07,-1.871602593352448e-08,-5.837297110230017e-08,-8.255275292402877e-08,-8.18691623290584e-08,2.0090931862869265e-09,5.963975100420647e-07,7.044520165856602e-08,7.09499494893917e-08
1,1.6167231969262084e-08,8.583348042644198e-06,3.2969770435806117e-09,-2.033575971064832e-09,2.9221274877384625e-08,-1.821117566925025e-08,2.3970970369988548e-08,-6.616854221449973e-08,2.2348544762540535e-09,-5.256118065285439e-08,-2.532212269989194e-08,-3.5547416262737604e-08,-1.1961313491867878e-08,-2.43241217823992e-07,-1.6783671565545458e-07,-4.413032042553e-07,-5.155688382193639e-08,-3.536041666437033e-07,5.956563701904127e-08,9.430335997247581e-08,2.8908989069347174e-08,-5.304648790693397e-07,-3.7082453129314435e-07,-4.712445377431985e-08,-1.2866666990780008e-07,-9.813948756816713e-08,-1.4759752198446568e-08,-2.5276254898724134e-08,1.1568216893941911e-07,3.131846577223769e-08,3.2532607458263537e-09,-2.786354048806721e-08,2.0277590383631002e-08,-5.5170907818481046e-08,7.513022422776661e-08,-4.777681555204443e-08,3.8832552142672354e-08,2.0626500468573878e-08,-6.458928816319626e-08,2.981383934261516e-08,2.6797171506180626e-08,-1.1473813649807118e-08,-6.61930514882492e-08,-1.177165075289716e-08,-1.3850284082806566e-08,2.773235960497894e-08,7.149300654575238e-08,3.418508572041704e-08,-7.174683306848161e-09,3.441475375241738e-08,6.647630742441882e-08,1.914117143782584e-08,1.2915576011974182e-08,-1.0895457343996239e-08,-1.796666040032158e-08,-4.634963636392175e-08,3.8078919174633144e-08,6.732590041023942e-08,8.611966307224188e-08,5.0828262396764276e-08,3.850764614880148e-08,-2.471667345636474e-08,3.401085304620318e-08,8.043749850457816e-09,1.773144810151154e-08,-2.945554829932359e-08,-3.9917491783825385e-09,-1.7760111984578105e-08,-5.136724306395398e-08,4.0558422870583805e-08,2.3807678359224943e-08,-1.8653271719680106e-08,2.905225477252415e-08,5.779406468462222e-08,4.916735731510462e-08,3.061958887937762e-08,2.9436390001677147e-08,3.811544151264482e-09,-1.560489000817979e-08
2,-3.3807186046857194e-07,3.2969770435806117e-09,8.621714248142e-06,-1.1311586561323972e-08,2.933715757581195e-07,1.7795544752314864e-08,2.3572746624709518e-07,1.537816188243143e-08,-1.4487298210883364e-07,-1.367812391152509e-07,2.9589005200416345e-07,1.2284682898486707e-07,4.1048447638598353e-08,8.21029905576038e-09,-1.2459213807401187e-07,-9.783119570435457e-08,-1.60336760700674e-08,-3.032417120820539e-08,1.2040243374280496e-07,3.447680677467069e-08,7.684166784827047e-09,-3.309665462107306e-08,1.7877657711158665e-08,-5.3160228319551756e-08,-1.6027918902818494e-07,-4.788814666391204e-07,-4.973556421675388e-08,-3.850813550702806e-07,5.9556598627845046e-08,1.1271495277600641e-07,4.7745496399944845e-08,-5.710340186317105e-07,-3.8976708568209545e-07,-4.6804179080508874e-08,-1.6136158108616143e-09,-6.834682340791123e-08,-3.083165242357096e-08,2.073453200616236e-08,2.920150975255828e-08,-2.2248351603071664e-08,-1.1208157805219714e-08,3.752697968480459e-08,-1.983043996815138e-08,1.223205733307413e-09,-1.6643330207806619e-07,1.3703195278366034e-08,9.962001132425271e-08,1.3615737518509616e-07,-2.7005238596728567e-07,-8.225043241579449e-08,-2.3757436586872792e-08,3.798776416617719e-08,1.5434712398972536e-08,2.6346709399768212e-08,-1.9254010232096158e-08,-1.8994632935247393e-08,2.4959562002510817e-08,2.853386849389201e-08,5.417612663684119e-08,7.986176876890159e-08,1.7089628859125e-08,-2.421202484315886e-07,-1.5119084692542256e-07,3.259072697922646e-09,2.0002161365976934e-08,-4.345666530511267e-08,4.0180342494383256e-08,-5.1913746887665385e-08,6.076370611105651e-08,-5.470351186181238e-08,8.499762786110778e-08,4.3094852170955325e-08,-4.696512152514691e-08,8.509349276036541e-08,2.216643122099022e-08,-3.364294777645071e-08,-1.554250353171716e-07,2.4352530221818605e-08,3.990378744247735e-08
3,-3.275651823251236e-07,-2.033575971064832e-09,-1.1311586561323972e-08,8.676102184224255e-06,4.6529250563175104e-07,5.593657664299726e-08,3.260774187461311e-07,-8.441674802168642e-08,5.354295606057987e-10,1.9240130124638014e-08,4.1397247324342516e-07,3.016204895988322e-07,6.466087933116414e-08,-1.3458560746137293e-07,3.047986405414789e-08,7.227436524157684e-08,-4.441150825431582e-08,3.5825769775405553e-08,2.2327916297242075e-08,-5.377146106305928e-08,4.073301245794961e-08,1.8681905572627503e-08,-1.4779391244271122e-08,-6.69037370109665e-08,-2.318898664992858e-07,-6.674541087031868e-09,-5.643844098921131e-08,-3.521794430492038e-08,2.5962331660879683e-08,2.679369997490567e-08,-1.6434670883350804e-08,-1.986167381466192e-08,3.892841120378478e-08,-2.179314516787943e-08,-5.231587495976883e-07,-7.13214491619406e-08,-4.2758192792782017e-07,6.494099140220362e-08,1.0733612693076911e-07,2.8166277909176692e-08,-6.146707202741101e-07,-4.428925735059985e-07,-6.352826268903397e-08,-4.445200660961119e-08,-2.9460174549294446e-07,8.494835689309398e-10,3.3724026515472845e-08,-2.537446785248326e-08,-4.336537419497396e-07,-3.4318730766096084e-07,-5.8888686967513615e-08,-5.564494690471281e-08,-3.217527390322735e-08,1.920386539227047e-08,-1.027472433731857e-08,-1.1457444741178934e-07,4.387242487392501e-08,-5.1624188013741515e-08,5.840803404185574e-08,1.8665613900598185e-08,4.113898082384428e-08,-3.2590190182989026e-07,-3.436778195813157e-07,-6.363868330547587e-08,-2.064482343636403e-09,3.0296639617431715e-10,6.373879673231255e-08,1.9224720661018575e-08,5.96914087092473e-08,3.706712861996876e-08,7.853377133491778e-08,8.508302251623477e-08,3.513326912843048e-08,6.652185301977197e-09,1.2284924973635684e-08,4.5664326976994916e-08,-2.6049174353087615e-07,-1.2330498125656502e-07,-3.80270337067099e-08
5,-6.864839208268398e-07,2.9221274877384625e-08,2.933715757581195e-07,4.6529250563175104e-07,8.823758862222344e-06,-1.2738973277155005e-09,6.144132808513783e-07,-1.3325880909092087e-07,-1.365782986885277e-07,-9.713761886081662e-08,8.130747770988014e-07,4.803075187308981e-07,8.759291100397187e-08,-1.044369161472022e-07,8.28882466549084e-08,1.4771593412940046e-08,-1.5888596463798003e-08,-2.1241928499519674e-08,2.7103958206334482e-08,8.14545809327705e-08,4.8806241810115295e-08,-1.2661687819333976e-08,3.418724167053176e-08,6.664711187727719e-08,1.3978178145663602e-08,-3.222810741860845e-07,3.929315261452633e-09,-1.6797612464576748e-07,1.2261591993939577e-08,9.228785608822694e-08,1.293757790544294e-07,-2.725777358313966e-07,-7.673702461510605e-08,-2.3253889467518898e-08,-3.1251443286230264e-07,-5.514214904298457e-08,-2.8896524037634607e-07,-1.591881514670931e-10,3.583738148626677e-08,-3.102969044846713e-08,-4.238078922428232e-07,-3.3526435805423767e-07,-5.755379283515175e-08,-4.8577421716280016e-08,-5.624257388526182e-07,1.0401900919120345e-07,1.206754114441688e-07,6.704598709678369e-08,-7.642612471835215e-07,-5.756864089682584e-07,-7.182567639538662e-08,6.988273881832154e-09,-4.405697289739043e-08,1.3623308101420335e-08,4.630128814349415e-08,2.4939194030164866e-08,5.009487386728686e-08,-5.059355858343099e-08,1.5594209233112823e-07,3.590124698859615e-09,6.443015469626585e-08,-6.051638355442852e-07,-5.010714749304513e-07,-4.180237655996605e-08,3.644200897867154e-08,-2.814207587392539e-08,1.463490776969059e-07,8.712765153729903e-08,-2.2577810091334766e-08,-7.168118042557731e-08,8.733388732074281e-08,6.922139040155314e-09,1.90959403587429e-08,9.10639932515885e-08,-4.6951347493231125e-11,-3.965796341499713e-08,-5.60263358045716e-07,-7.938847016815999e-08,-2.6039918724778353e-08
6,-5.307598027425123e-08,-1.821117566925025e-08,1.7795544752314864e-08,5.593657664299726e-08,-1.2738973277155005e-09,8.580809349855921e-06,6.604381169701739e-08,2.612663656699628e-08,-3.737838382432012e-08,-2.5917190128758392e-08,1.1052419686204692e-08,-6.992090472757698e-08,4.467869208861433e-08,-1.566863544506186e-08,-4.62832003190059e-08,-9.803119553180065e-09,1.5055913338906916e-08,1.7742951134158054e-08,1.4615599183576514e-08,-8.661018458191486e-09,-1.9958435514174842e-08,-4.462080941208676e-08,3.543993363472933e-08,6.783220963552407e-08,-6.16975911404887e-08,2.160594951536641e-09,-2.422508256307927e-07,3.673315857378705e-08,1.429913749489672e-08,3.4861083508691956e-08,-1.66743202211208e-08,-2.3190312567082134e-08,2.3758419091571466e-08,2.885377847933334e-08,-4.159284754250255e-08,-1.6985266697024695e-07,-4.93171851453699e-08,-3.5618125690366136e-08,2.8193873324024616e-08,-8.108348639761635e-09,-1.1078639899789882e-07,4.329460534927076e-08,-4.9538764895447864e-08,-4.451208693434822e-07,1.2397877854729195e-08,-5.069326724588658e-08,1.9184875039140406e-08,4.9155941038993835e-08,2.8602112302944797e-08,4.409509483159918e-08,-4.7680084171331294e-08,-3.52382306718537e-07,5.4019732929101484e-08,9.438640945108112e-08,3.3053653093623436e-08,-5.282476487104934e-07,-3.6593923566756624e-07,-4.888026079761305e-08,4.4369932750194696e-09,4.29698387506409e-08,-6.646506974400526e-08,-2.1287767090581995e-08,1.608956834106376e-08,-2.5302990361997806e-09,4.224964374581076e-08,4.084716273376737e-08,3.411438564299503e-08,-4.1124003227346895e-08,7.572277642762787e-09,-5.602868339696598e-08,1.6503184618540127e-08,-6.909771699153885e-09,5.593916746722616e-09,4.120583144796658e-08,-5.632556074899728e-08,-6.200534059879036e-08,4.335282534463574e-08,-5.225453723492156e-08,1.5513087691662527e-08
7,-5.764586998209382e-07,2.3970970369988548e-08,2.3572746624709518e-07,3.260774187461311e-07,6.144132808513783e-07,6.604381169701739e-08,8.767337851995806e-06,-1.2350100410236595e-07,-8.413091963206812e-08,4.463889117866937e-09,6.525135045324702e-07,4.349154211561196e-07,1.4944493860788947e-08,-3.168684851708012e-08,5.2016826104047025e-08,-5.903340352949065e-09,1.0799419632620074e-08,6.384663217416564e-09,7.894885103468868e-08,6.58406749336764e-08,5.321442635694223e-08,-2.1956685937470554e-08,3.9875982306362725e-08,7.181530288439739e-09,-1.2979167119386776e-08,-1.666686228163081e-07,3.458325665018383e-08,-3.082557254080932e-07,5.191095098365692e-08,7.723028222122285e-08,2.2716164522132254e-08,-2.4527088645470106e-07,-1.4681207499059382e-07,4.304813149976171e-09,-2.8905904999254936e-07,-6.031894064194914e-08,-2.763295779424431e-07,3.929350878735132e-08,2.480465948889132e-08,3.2112811431267765e-08,-3.179504354772778e-07,-3.3532026420938016e-07,-6.35261811027137e-08,8.157240262312528e-09,-6.153409902084446e-07,1.419156691131966e-07,9.370502951551464e-09,6.252010461446158e-08,-6.082748024424525e-07,-5.018442626508715e-07,-4.2680524752375054e-08,-6.46698923502837e-08,7.906130547262731e-09,3.422460028562469e-08,-7.373032314749159e-08,-2.4812222348942335e-08,2.4724973906026128e-08,8.620350508638748e-10,1.079384028002013e-07,8.97969413660257e-08,4.1530746099048845e-08,-7.055670908738579e-07,-5.287705637844873e-07,-6.099956953234607e-08,1.0236088118469011e-07,3.3998579384651653e-09,1.539143902623604e-07,2.982885323420915e-08,7.21976626328019e-08,-7.675059577440266e-08,-1.2712373394860866e-08,-5.542610557316466e-08,-4.2276825892519155e-08,3.096548083270421e-09,-9.402852864273536e-08,-9.755781251925205e-09,-4.774341200142116e-07,-3.8273266905249337e-08,-7.942721632354218e-08
8,1.080498616433978e-07,-6.616854221449973e-08,1.537816188243143e-08,-8.441674802168642e-08,-1.3325880909092087e-07,2.612663656699628e-08,-1.2350100410236595e-07,8.591834654855804e-06,-9.437361498033006e-08,1.0486120208071472e-08,-1.4207086019385632e-07,-1.348037392459886e-07,-3.57427569211825e-08,1.1716748379412436e-07,1.7033179538399405e-08,2.633853707602051e-08,1.4212079482022104e-08,8.824711639355171e-08,1.2616929170477527e-08,1.675652970536211e-08,-3.438419333404358e-08,-8.087764283079858e-10,-1.7390410778035937e-08,-5.3215864420424454e-08,1.9111557906115312e-08,1.327131201410201e-08,1.2244194296106846e-08,5.023807414621002e-08,-2.458150801995192e-07,1.9113700625546787e-08,-4.1143758461899894e-08,4.0760626227975804e-08,-4.655189725836045e-08,6.212880818208821e-08,-1.197963373969865e-09,-3.112291619964016e-08,4.796176292882212e-08,-1.7192819888764313e-07,-1.2134321817989534e-08,2.904751231416564e-09,5.8673326153231844e-08,2.404547657126008e-08,6.099594963191522e-08,-4.836204379213639e-08,1.4359741848671974e-07,-4.529822465055619e-07,2.6577534229744285e-08,-2.6038944830587483e-08,1.3536340972597012e-07,9.486329751771252e-08,-2.3282952034958905e-08,5.002538921367557e-09,-5.1780765531551006e-08,4.71942020655256e-08,4.1643008610006904e-08,3.6944113187438163e-08,-3.969804043412549e-08,5.683960575875725e-09,-3.6632063181221055e-07,9.256953696682001e-08,2.873642381286988e-09,1.497667321748008e-07,3.998683491229173e-08,7.25607089679264e-08,8.99609862756904e-08,3.425775232800974e-08,-5.391447482564447e-07,-3.745410521615212e-07,-4.875044596873951e-08,3.80733091145203e-09,-1.0802704191137351e-08,7.999716454997134e-08,4.1622121938382224e-08,-5.129872919242617e-08,-3.619050747032506e-08,-3.356462686456602e-09,6.637686687496573e-08,-1.862396166744806e-08,5.929420850060647e-09
9,1.373794197146301e-07,2.2348544762540535e-09,-1.4487298210883364e-07,5.354295606057987e-10,-1.365782986885277e-07,-3.737838382432012e-08,-8.413091963206812e-08,-9.437361498033006e-08,8.592304716234358e-06,7.339965399928875e-08,-1.7455190416291496e-07,-3.2098229485980645e-08,-3.624794652257673e-08,3.327484007550039e-08,-6.369468484716313e-08,6.935401558426496e-08,-6.880102654787263e-09,5.3648840821640674e-08,2.004006714197072e-08,1.1463082919669382e-08,3.742358672269237e-08,2.4670397768026885e-08,-1.708955258550922e-08,2.7255520194984108e-08,2.404371179072641e-08,9.86728751707468e-08,3.423422668901415e-08,8.07277149020946e-08,1.8296582228395338e-08,-2.495832962938617e-07,-5.4503692570954275e-08,8.051850978381681e-08,4.27335416812104e-08,-5.358411305495973e-08,3.349427644534304e-08,2.720349203459626e-08,2.4628597937788298e-08,-9.455868411067585e-09,-1.6933364079165194e-07,4.3259255272172685e-08,7.764731828271393e-08,9.157997422957784e-08,2.8286891952519435e-08,1.7795753340135738e-08,1.9202802163525974e-08,2.8715764436278383e-08,-4.507342951877045e-07,-7.270989762483583e-08,9.539177822164496e-08,1.692114563500743e-08,9.257182622399151e-09,4.130341152920243e-08,4.5600517243840226e-08,-5.6540334464055155e-08,-5.626207607061783e-08,1.4675027405834174e-08,-9.595422653862823e-09,4.188367692676839e-09,8.586064145659111e-08,-3.545365044041254e-07,-6.811548033153651e-08,-1.1047538765188424e-08,-4.2289532403943355e-08,-4.734471860556535e-08,4.8753521017086306e-08,2.1596702393549154e-09,-1.1224877648754279e-08,7.961324334930778e-08,4.3086701245139945e-08,4.0049424547718906e-08,-5.337396205614451e-07,-3.7202419758762127e-07,-4.806889535356913e-08,-7.202218161426476e-08,-5.2157636087256754e-08,9.277438415560698e-08,8.231671844473898e-08,5.922150922254256e-08,2.0002348955323798e-08
10,5.8883889702025454e-08,-5.256118065285439e-08,-1.367812391152509e-07,1.9240130124638014e-08,-9.713761886081662e-08,-2.5917190128758392e-08,4.463889117866937e-09,1.0486120208071472e-08,7.339965399928875e-08,8.587073627934261e-06,-6.784499847399789e-08,-6.747452094982634e-08,-1.5843906367750477e-09,3.4672119740936804e-09,2.8501556506938677e-08,3.449489907298004e-08,-1.65800790464908e-08,4.067224820824879e-08,-3.2026959064722604e-08,3.7955780816771645e-08,1.405450090134464e-08,5.517407327372221e-08,4.671426294750672e-08,3.2719369629812405e-08,-2.292950182274215e-08,1.313091127424626e-07,-1.0785873017810589e-08,1.589500207334899e-08,-4.161739350001458e-08,-5.35838593253739e-08,-2.4778541155755e-07,8.281500327649572e-08,2.0701998662904315e-08,-3.109437919475026e-08,-3.591281080981401e-08,-4.58868408833455e-09,3.852069202446879e-08,5.22423328507831e-09,4.1754577674387343e-08,-1.6354723484165307e-07,-2.2389080126657985e-09,1.2354133042254477e-08,5.2501004587753994e-08,5.077445428735816e-08,5.904934852403373e-08,-2.19252120338391e-08,-7.592429402166485e-08,-4.4997746777240165e-07,8.236257806602327e-08,-3.6320280858033303e-10,-3.029323026559325e-08,-6.902952392844207e-08,3.8726176935209946e-08,-5.722870841490042e-08,-4.9894764973949216e-08,4.206941986970102e-08,-5.966318638518267e-08,-6.260497240274064e-08,4.838893196611731e-09,-6.644712381838498e-08,-3.5258261149835797e-07,4.1474811033050167e-10,-9.239020531997747e-08,-9.145425976240579e-10,3.786601204854632e-09,5.5903265737244655e-08,-4.7025264397576524e-08,-3.255691692417209e-08,-4.979086469268461e-09,9.778895691772142e-08,-7.430547497575422e-08,-5.096230195849309e-08,9.027120682828213e-08,-5.341902731712838e-07,-3.6965625631327885e-07,-4.3102123867532674e-08,-1.0316497757560331e-09,2.4705262980408237e-08,-6.240388277914579e-08
11,-7.682604699873503e-07,-2.532212269989194e-08,2.9589005200416345e-07,4.1397247324342516e-07,8.130747770988014e-07,1.1052419686204692e-08,6.525135045324702e-07,-1.4207086019385632e-07,-1.7455190416291496e-07,-6.784499847399789e-08,8.8354394345455e-06,5.922176215523148e-07,7.050628048928634e-08,-2.931154295772082e-08,3.5864027761384994e-08,-3.1860160159580144e-09,-4.847500164202221e-08,-2.6715289279603254e-08,-5.423322653330079e-09,3.599547071484784e-08,6.33594534205631e-08,8.176514820322003e-09,3.0396373855448e-08,2.974532108799178e-09,-6.386421701198583e-09,-2.7005748737670865e-07,-2.1313681316015035e-08,-2.4429795295516964e-07,4.166478750907725e-08,7.644022330190896e-08,8.358926795604553e-08,-3.415530498188503e-07,-1.5738360591911894e-07,3.015109404727058e-08,-4.179408495689835e-07,-1.2748733258363947e-07,-3.176428216694618e-07,5.0884501247171465e-08,8.234778066804422e-08,3.2536828259757575e-09,-3.2221509855895486e-07,-2.534628621761387e-07,-1.2012629441872805e-07,2.172792968546627e-08,-6.032673805095126e-07,1.3348992170971664e-07,8.848721380808891e-08,9.065426945094097e-08,-6.92005241380896e-07,-5.616345513788696e-07,-7.417238947672533e-08,-3.21138920351202e-08,4.140350547343551e-08,1.3737681341195072e-08,3.5151972132899265e-08,-5.471083402981539e-08,4.279679378570317e-08,-5.05816374160232e-08,1.5465869482121357e-07,-1.883696057382711e-08,6.845584989141008e-09,-5.793704041255933e-07,-4.798539638864029e-07,-3.631524829462364e-08,-8.020937400428696e-10,-5.617691637994626e-08,1.2174122029777542e-07,5.0816189019291097e-08,-1.950524224004342e-08,-7.178887880630938e-08,1.2836502783638902e-07,7.329592860404177e-08,6.569281574929855e-08,5.932377486240647e-08,7.678662515841231e-11,1.4254482504398106e-08,-5.857690808676708e-07,-8.002225081081921e-08,-3.622542762253035e-08
12,-5.716615380318487e-07,-3.5547416262737604e-08,1.2284682898486707e-07,3.016204895988322e-07,4.803075187308981e-07,-6.992090472757698e-08,4.349154211561196e-07,-1.348037392459886e-07,-3.2098229485980645e-08,-6.747452094982634e-08,5.922176215523148e-07,8.730437051879734e-06,7.303305451534248e-08,1.5979763132035984e-08,-6.987417141883342e-09,3.7346695282915134e-08,3.1834377259158416e-08,3.0607858173200516e-08,-1.3008960107140527e-08,-1.0136424479502954e-08,5.803613324134927e-08,2.5435638736972825e-08,2.5471867842464848e-08,-1.997192576740253e-08,5.18568360105625e-08,-7.574099662530412e-08,2.0602381336953638e-08,-1.493795861519691e-07,-4.325208756080568e-08,4.350479850121064e-08,2.096052537616213e-08,-1.5683820391622406e-07,-2.729821682424366e-07,4.092330046131814e-08,-3.308325684936198e-07,2.7672842316119788e-08,-3.317761479002117e-07,1.9645860620879132e-08,9.506540673845678e-08,7.955203753452785e-09,-2.5334730765144573e-07,-2.646055211053297e-07,-3.4004404514746794e-08,3.963297864460608e-08,-4.887195835183046e-07,8.88445662494024e-08,1.6076230688173825e-08,5.147787871508768e-09,-5.515445833681154e-07,-5.933709658422071e-07,-2.5991609533940536e-08,1.0293933237295312e-08,-2.7747838297497025e-08,-1.2517631891943509e-08,-6.116324519965051e-08,3.8100835895002066e-08,-3.038915410263328e-08,2.0894584561514382e-08,4.2845718753370434e-08,-5.1417265748136026e-08,-8.87413832246284e-08,-4.7058385983917136e-07,-4.902064828888983e-07,-7.771585464824348e-08,8.434816532645354e-08,-3.949480831180358e-08,6.874303072345523e-08,7.406669064419636e-08,6.15509958494076e-09,-5.777945249619227e-08,8.211039385423995e-08,9.158508829636849e-08,2.8990270188744352e-08,-5.36339826548064e-10,3.4285169152616904e-08,-6.758232745085692e-08,-6.733421469933382e-07,-3.494665595389813e-08,-6.313444486851868e-08
13,-7.935511334196933e-08,-1.1961313491867878e-08,4.1048447638598353e-08,6.466087933116414e-08,8.759291100397187e-08,4.467869208861433e-08,1.4944493860788947e-08,-3.57427569211825e-08,-3.624794652257673e-08,-1.5843906367750477e-09,7.050628048928634e-08,7.303305451534248e-08,8.584440116167297e-06,-5.712168188330997e-08,-6.399924762847896e-08,6.784732378176382e-08,6.926044109492053e-08,8.341511124931233e-09,-5.323670270168934e-08,2.9449521447624727e-08,3.179250716746412e-08,5.200868425044297e-09,-1.6002364808193205e-08,1.3649356166260788e-08,-1.8593274064064557e-08,-2.2954603977072723e-08,2.8808321516617765e-08,8.136838758492582e-09,6.300881685442185e-08,-5.4164298967352624e-08,-3.2695437417252506e-08,2.9383599086337964e-08,4.143369058204529e-08,-2.410199940375606e-07,-6.120612270943888e-08,-5.189032576369164e-08,-6.553625465510717e-08,6.188141695479598e-08,2.9626816884608658e-08,5.09449344540583e-08,-1.260747117552971e-07,-4.179303512240171e-08,-1.6994760129324184e-07,-5.19280350114078e-08,-4.541310998836151e-08,-2.244917573364622e-08,7.0721444947678e-09,-3.055062770770048e-08,-7.865801272952668e-08,-3.128099292031471e-08,-4.426819128412724e-07,-3.872204103825257e-09,6.307113283637862e-09,4.727884357696649e-09,-6.242227497607743e-08,-5.644070332034175e-08,1.8164418932777243e-08,-5.3582382596042526e-08,7.752547230373931e-08,-4.9297334414273864e-08,-1.9894137955811423e-10,-3.8869472902854934e-08,-8.325430807981114e-08,-3.519194641369931e-07,4.592283481846377e-08,-6.0277480642831975e-09,-1.4088414982390415e-08,4.9500939663126144e-09,5.337176251947379e-08,9.405237072607278e-08,5.5516391454848065e-08,1.7095103397253554e-08,9.629131283795189e-08,2.2698526584263516e-08,-6.271345393750998e-08,2.828186634167328e-08,-4.2150860331961496e-08,-5.276263818587942e-07,-3.6647717451069994e-07
1 2,-1.1629806165978026e-10,-2.43241217823992e-07,8.21029905576038e-09,-1.3458560746137293e-07,-1.044369161472022e-07,-1.566863544506186e-08,-3.168684851708012e-08,1.1716748379412436e-07,3.327484007550039e-08,3.4672119740936804e-09,-2.931154295772082e-08,1.5979763132035984e-08,-5.712168188330997e-08,8.522921746374882e-06,-4.249761151140701e-08,2.0480762831854012e-07,1.5336099497494635e-08,1.540730521949132e-07,3.005548984944196e-08,-1.1612815363748011e-07,-1.09938274590431e-07,2.0559047684502787e-07,5.546898460739336e-08,4.560629982164755e-08,1.024510794903258e-08,3.7400920199886984e-08,-1.0199585651442032e-08,2.9649970696982796e-08,-7.020898300177781e-08,1.095118992228462e-08,-3.4074925991925164e-08,-1.8997987797703246e-08,-2.675714550061929e-08,-6.9874795530563e-09,-5.956335610710054e-08,3.486068423338404e-08,3.092323259863523e-08,-3.1452810091121604e-08,-5.7965118772696814e-08,7.711836895172292e-08,6.360228838960444e-08,2.4214083347741675e-08,-4.345231823042632e-09,8.138622089759847e-08,-1.945936163621918e-08,-9.059279958711351e-09,-1.5508561517076546e-08,-3.111115033473548e-09,5.756179088476096e-08,-2.33302571445009e-09,-3.755456718499836e-08,4.503318156086686e-08,2.4219214951715647e-08,-4.237288471323243e-08,-1.0670451913313737e-08,6.672003093423873e-08,-2.1692009910047718e-08,4.1931384237318154e-08,-1.2567168547455676e-07,3.007715446548277e-08,-5.357285730317286e-08,5.870167092364457e-08,-2.921811375829599e-08,5.140239939624901e-08,3.920506301096515e-08,-2.862469055657825e-09,-1.038362638609327e-07,3.364016983902306e-08,-5.983400363658154e-08,-7.510918006180665e-08,-2.2877463455372614e-08,-5.0435642757996345e-08,-1.439275395908436e-08,-3.636602407180631e-09,3.565179273663644e-09,4.8504731629180785e-08,-2.7862730409192123e-08,-5.70456865266801e-09,-5.9717056508780755e-09
1 3,-1.5190610572557147e-08,-1.6783671565545458e-07,-1.2459213807401187e-07,3.047986405414789e-08,8.28882466549084e-08,-4.62832003190059e-08,5.2016826104047025e-08,1.7033179538399405e-08,-6.369468484716313e-08,2.8501556506938677e-08,3.5864027761384994e-08,-6.987417141883342e-09,-6.399924762847896e-08,-4.249761151140701e-08,8.526823686975585e-06,3.132498995109235e-07,3.8125674540934135e-08,1.8265869351685447e-07,-6.278676845151843e-08,2.809517638212275e-08,2.3327145005532506e-08,2.6482343568336064e-07,1.721544793191314e-07,2.7936073221160924e-08,-1.0404539413000265e-08,-6.64027446080917e-08,3.034014218516834e-08,1.822517612874098e-08,-3.114290570997503e-08,-5.498853564130974e-08,7.989765661951382e-08,5.149933953846416e-08,1.4123821686023297e-08,-6.5554218154102386e-09,1.4047846745695449e-08,-1.860659489620874e-08,1.4714477786545167e-08,-4.392005674396337e-08,1.2101256673625041e-08,-3.675281063532648e-08,-4.0837546874408826e-08,-3.929012458742443e-08,-3.860415237420456e-09,1.8842032533241417e-08,-4.895803206775595e-08,3.443932531589835e-08,7.616529097701518e-09,-1.1702392558131442e-08,-6.021719006960106e-08,-7.755352062834325e-08,3.171073526765358e-08,5.757893618054668e-10,-1.712937905667182e-08,1.8082094389200138e-08,1.0965442302664085e-07,-6.936469840260606e-09,5.327062053830964e-09,1.1471171732067141e-08,4.478128866299699e-08,-4.0654688118306934e-08,1.3636816842877634e-08,5.104877377708016e-09,6.4456046540106216e-09,6.378599055215991e-08,3.396712444571402e-10,4.261389418611817e-08,4.52580213154238e-08,9.960497248909644e-08,-1.1966565996375623e-08,-1.1195465622140104e-08,-9.667142573365418e-09,1.2376676276928373e-08,-2.5247269818918015e-08,-5.56852269086614e-09,-3.811465984423347e-08,2.7826915364069502e-08,-9.23579715003823e-08,1.1140991419427932e-08,3.029178775403357e-08
1 5,2.7564640879281444e-08,-4.413032042553e-07,-9.783119570435457e-08,7.227436524157684e-08,1.4771593412940046e-08,-9.803119553180065e-09,-5.903340352949065e-09,2.633853707602051e-08,6.935401558426496e-08,3.449489907298004e-08,-3.1860160159580144e-09,3.7346695282915134e-08,6.784732378176382e-08,2.0480762831854012e-07,3.132498995109235e-07,8.592113388434486e-06,-3.739425574265228e-09,4.0252658834527017e-07,-8.551964614554797e-08,-1.038035378011155e-07,-7.384728578892084e-08,5.87081517626416e-07,2.8572182688067053e-07,5.585468711378492e-08,-6.514724495169447e-08,-7.85633059521134e-09,7.865756304569389e-08,-3.0002745679273144e-08,-9.646867966097211e-09,-1.566852207572447e-08,-1.1886772171452898e-09,4.898326246376745e-08,-1.1510007287002032e-08,-3.778288843263893e-08,-2.277143711508236e-08,1.940759353168735e-08,-4.418815054171414e-08,3.4505859124782144e-08,1.3537236267512367e-08,-9.118989466155466e-09,-6.018976641616294e-08,-7.3049260360446e-08,3.1740052699688424e-08,-1.741532330017253e-08,2.7409998253076777e-08,-6.000053156328586e-08,-5.774381870655792e-09,-5.314414025938124e-08,-1.9976923388591405e-08,-2.6549868181149405e-08,-1.7733708973306526e-08,-3.905507508101198e-08,-1.4147779039828303e-08,1.1985335743516437e-08,-1.0956143922541957e-10,3.476882430238036e-08,-6.99440812444913e-09,3.873238823275691e-08,-2.234215799895016e-08,4.4364854258537534e-09,-4.5949137813321344e-08,3.940257009774292e-08,2.3042749866485842e-08,1.9125672942302472e-08,1.0075516918388321e-07,5.073375095554974e-09,-4.795032289699834e-08,4.067053625277115e-08,4.314992404102829e-08,1.0623813925251682e-08,-2.8448653416758058e-08,-9.388826646463313e-08,-5.543879270997162e-10,-5.783257686545148e-08,-2.9769918635271483e-08,-2.062839993339782e-08,1.799659820850399e-09,-8.357812175479328e-09,-4.00895337373603e-09
1 6,-1.0877674332014552e-08,-5.155688382193639e-08,-1.60336760700674e-08,-4.441150825431582e-08,-1.5888596463798003e-08,1.5055913338906916e-08,1.0799419632620074e-08,1.4212079482022104e-08,-6.880102654787263e-09,-1.65800790464908e-08,-4.847500164202221e-08,3.1834377259158416e-08,6.926044109492053e-08,1.5336099497494635e-08,3.8125674540934135e-08,-3.739425574265228e-09,8.497422161520866e-06,6.47392573615119e-08,2.033247654238488e-08,-2.767696203814232e-08,-2.3476586387005237e-08,7.285611515912796e-09,-6.331416464264824e-08,3.3152448618229657e-08,3.104237182688432e-08,8.190349513314435e-08,-1.2372255840511766e-08,4.7568461420700087e-08,2.1950209101983645e-08,-4.368210996978923e-08,-1.3363903621379087e-08,6.498296600501649e-08,-2.055798759005242e-08,4.0174654621326655e-08,1.888013191682852e-08,1.7704471631391446e-09,2.7767636011717553e-09,-1.6496630169552673e-08,1.7851663267268156e-08,1.106806281224684e-07,-6.169922523677767e-09,3.78566984718752e-09,1.2031959678328796e-08,3.0105229913711216e-08,-2.980542613859242e-08,-1.4097401788920474e-08,9.061105795058355e-09,2.577840476640252e-10,4.114219242620089e-08,-3.2566266893866457e-09,3.9287977311085215e-08,2.489293275322083e-08,-5.3078645448849414e-08,9.419682632699211e-09,-3.326880739573307e-08,-2.482225203313304e-08,-2.2966862632259014e-08,-1.1857129558284297e-08,-2.87893869378584e-08,-1.3750884536697992e-08,1.2105436698617206e-08,-3.923417633456779e-08,7.923519433826116e-09,-1.0868883643526258e-08,-6.760743849248287e-08,-5.050805128461301e-08,4.176491274696863e-10,-2.510893450727297e-08,2.2968821813231885e-09,1.823406132627557e-08,3.636910370659514e-08,5.087850520288459e-08,-6.305651751979741e-08,-1.6980715423036352e-08,-5.4410942792520355e-09,6.77114897638928e-08,2.305517376809476e-08,3.02282335316575e-08,-3.073022328146061e-08
1 7,3.525369069725417e-08,-3.536041666437033e-07,-3.032417120820539e-08,3.5825769775405553e-08,-2.1241928499519674e-08,1.7742951134158054e-08,6.384663217416564e-09,8.824711639355171e-08,5.3648840821640674e-08,4.067224820824879e-08,-2.6715289279603254e-08,3.0607858173200516e-08,8.341511124931233e-09,1.540730521949132e-07,1.8265869351685447e-07,4.0252658834527017e-07,6.47392573615119e-08,8.560548978948766e-06,-7.363028766621664e-08,-7.052278248287863e-08,1.0116010350341862e-08,4.458120051050048e-07,2.4946284812272996e-07,-1.2975664790315597e-08,1.924114435676321e-08,-2.5276756344866642e-08,4.474205778333815e-08,-1.0469623501905437e-08,-1.2149328557194374e-07,2.7883754980683412e-08,-5.326125277903614e-08,5.1127642314250624e-08,-4.0905410309546536e-08,5.0485203469583115e-08,-4.386333830918772e-08,3.8019020350266314e-09,5.174584567174638e-09,4.316879947204476e-08,-3.85339823489328e-08,1.1304710484079134e-08,1.3808264236013361e-08,1.6586744755497044e-08,6.503313034229564e-08,-3.725282532347482e-08,3.9813820789307557e-08,-2.4748434782946385e-08,3.066232203065027e-09,-4.875498573439436e-08,4.8338636053383355e-08,2.803775160488236e-08,1.6722733233221504e-08,-2.8174804982403698e-08,-2.6570148230191024e-08,-9.276251131431454e-09,1.5559868762442092e-08,-4.374542610352294e-08,8.617686304654389e-10,-9.242652077633695e-09,-8.02042937576181e-08,8.146091372183507e-09,-5.114856048959315e-08,-9.859299641406887e-09,-7.525237277765288e-09,-7.609223707403242e-09,1.0384562500634756e-07,-2.8198788721230554e-08,-1.234597556858284e-07,-1.9335209061745355e-08,-1.4344610483456689e-08,-1.2245053417185333e-08,7.0645890082096216e-09,-4.151348418123297e-08,-1.5067534260992818e-08,-8.14686167593699e-08,-8.882721503599311e-08,5.4012891079259576e-08,8.054102522204265e-08,-1.33348131605217e-08,-4.925680083893012e-08
1 8,-6.817556499170719e-08,5.956563701904127e-08,1.2040243374280496e-07,2.2327916297242075e-08,2.7103958206334482e-08,1.4615599183576514e-08,7.894885103468868e-08,1.2616929170477527e-08,2.004006714197072e-08,-3.2026959064722604e-08,-5.423322653330079e-09,-1.3008960107140527e-08,-5.323670270168934e-08,3.005548984944196e-08,-6.278676845151843e-08,-8.551964614554797e-08,2.033247654238488e-08,-7.363028766621664e-08,8.508275225532395e-06,-8.346960791522774e-08,-3.0179540582501943e-09,-9.603886239145148e-08,-1.0492874581175585e-07,-2.596482239124965e-08,-3.019408276249097e-08,-1.0869893290051603e-08,2.3028705062026167e-08,-1.1915292232403206e-07,-1.2677739644120288e-08,4.286501407527498e-08,-3.5121627095718508e-09,-1.0494909539418156e-07,3.152733666900789e-08,-5.9554843218889764e-08,3.5256802350357304e-08,-1.9824507086547853e-08,4.530059749474596e-08,-6.134701600257811e-10,-1.057753288289336e-09,3.995232336678482e-08,4.4162537484026924e-08,9.652651215076924e-08,-9.903017665287553e-09,-1.2295296545202766e-08,-2.1028449100962343e-08,3.0426428803560194e-08,1.0269889088193044e-07,8.472279694252724e-09,-5.021146474023516e-08,3.344296128284158e-08,4.11782043975224e-08,-2.3141779485850765e-08,-1.737387524993257e-08,-6.997650144697547e-08,-5.070246141060077e-08,4.7299888401185556e-09,-2.2367787763222178e-08,2.228276765063131e-09,2.6690176782605877e-08,1.0488313228678858e-07,-2.9862863070149065e-08,-1.2092815733953686e-07,-2.033943409843502e-08,-1.6676656040326796e-08,8.146120766503448e-09,-3.7147981510733206e-08,-2.534139725917358e-08,-2.4559735975792422e-08,-8.589774684893707e-09,-2.9073918854545114e-08,7.539156596917944e-08,2.3762611405249405e-08,1.5617223175888922e-09,9.56161731935269e-08,1.672427804757969e-08,4.584318523173189e-08,7.682497522932647e-08,-1.788458914792496e-08,1.4186740671381157e-08
1 9,-6.093146230149745e-09,9.430335997247581e-08,3.447680677467069e-08,-5.377146106305928e-08,8.14545809327705e-08,-8.661018458191486e-09,6.58406749336764e-08,1.675652970536211e-08,1.1463082919669382e-08,3.7955780816771645e-08,3.599547071484784e-08,-1.0136424479502954e-08,2.9449521447624727e-08,-1.1612815363748011e-07,2.809517638212275e-08,-1.038035378011155e-07,-2.767696203814232e-08,-7.052278248287863e-08,-8.346960791522774e-08,8.507446553351508e-06,4.842903192269067e-08,-1.4326780654082098e-07,-8.675460199091466e-09,-3.4607613421578615e-08,-5.417373609793055e-08,-1.84438124080807e-08,-4.189914237402939e-08,2.5618030588133086e-08,4.186686913613005e-08,-1.65402106217223e-08,-6.987819204952838e-08,-2.5270901180458692e-08,-5.2465079910563246e-08,-1.4327931901541938e-08,5.458182152224324e-09,1.518045950573129e-08,-4.4851625138470405e-08,-3.0650522007321042e-09,3.9266263067752935e-09,-9.829864104957211e-09,-1.5555736122514103e-08,8.312066636530468e-09,-2.8336116532040185e-08,9.17664118647895e-09,-4.727087159362682e-10,1.0060998748474494e-07,2.9027533070908738e-08,9.970319976870914e-09,-3.637997537701197e-08,-1.0044110488740323e-07,-2.937108052125222e-09,-1.1554660034650216e-08,-6.780507148248976e-08,-2.0566172502976117e-08,1.621510255795397e-08,3.692665495366941e-08,5.161257284343782e-08,-6.324027876686454e-08,1.0704716047512728e-07,2.2337254340737586e-08,-1.1158757230107326e-08,-2.844680763118072e-09,-5.2525327417972964e-08,-1.4534559925843891e-08,-5.8215333485776663e-08,-2.702668680184043e-08,7.809560349499784e-08,2.369283987648605e-08,9.023453561663661e-10,-3.282939827208834e-08,-2.653739996237978e-08,-1.906902576091426e-08,-7.783096095204988e-09,-4.758196331013601e-10,-8.554309141161112e-08,-9.834626135383046e-08,-4.81862852497587e-08,-7.309900414233007e-08,-6.581397478722887e-08
1 10,-6.437584123332e-08,2.8908989069347174e-08,7.684166784827047e-09,4.073301245794961e-08,4.8806241810115295e-08,-1.9958435514174842e-08,5.321442635694223e-08,-3.438419333404358e-08,3.742358672269237e-08,1.405450090134464e-08,6.33594534205631e-08,5.803613324134927e-08,3.179250716746412e-08,-1.09938274590431e-07,2.3327145005532506e-08,-7.384728578892084e-08,-2.3476586387005237e-08,1.0116010350341862e-08,-3.0179540582501943e-09,4.842903192269067e-08,8.504812603262863e-06,-4.988724681361186e-08,-6.549887850927578e-08,-9.628510274972427e-09,7.977750110297684e-08,-4.312945134102446e-09,-1.2042387784961948e-08,-5.607107720230971e-08,-2.4165749605847255e-09,-7.269208828722549e-08,-1.4073151861217669e-08,-2.3329977090911035e-09,2.119124002675606e-09,4.813060160847411e-08,-2.1037157204825678e-08,1.07159880948579e-07,-9.881014768893043e-10,4.426795194872714e-08,-9.411807970102639e-09,1.7188526277579154e-09,-1.4021621665886666e-08,-4.8061012908882036e-08,2.6001794974371256e-08,9.157005375845246e-10,-5.863158794700345e-08,7.428788456656762e-09,6.633558774310609e-09,3.22363567781085e-08,-6.586067703807493e-08,-4.165025010027401e-08,-2.2597168463815947e-08,1.38908044745391e-08,-5.0535890775411615e-08,1.5920646082675445e-08,-2.2308421570594837e-08,-1.6154931839674828e-08,-1.3282253743837234e-09,6.74041368811729e-08,-2.5732159316547237e-08,-1.716361136821237e-08,3.073320728125146e-08,-8.933308203220695e-08,-9.808477678745124e-08,5.086650173934944e-08,-2.2088070997361378e-08,-5.575977931354911e-08,9.747594412138215e-08,2.0121638449258986e-08,4.418394330183376e-08,1.2311009199433163e-08,-4.0083702792386575e-09,-8.95202353926736e-08,-9.46104190368154e-08,-2.3069736398860032e-08,-2.0760522358309624e-08,-1.7169364957895468e-08,-1.200446443344106e-07,9.313986169221662e-08,4.0893003753838715e-08
