,1,1,2,3,4,5,6,7,8,9,10,11,12,13,1 2,1 3,1 4,1 5,1 6,1 7,1 8,1 9,1 10,1 11,1 12,1 13,2 3,2 4,2 5,2 6,2 7,2 8,2 9,2 10,2 11,2 12,2 13,3 4,3 5,3 6,3 7,3 8,3 9,3 10,3 11,3 12,3 13,4 5,4 6,4 7,4 8,4 9,4 10,4 11,4 12,4 13,5 6,5 7,5 8,5 9,5 10,5 11,5 12,5 13,6 7,6 8,6 9,6 10,6 11,6 12,6 13,7 8,7 9,7 10,7 11,7 12,7 13,8 9,8 10,8 11,8 12,8 13,9 10,9 11,9 12,9 13,10 11,10 12,10 13,11 12,11 13,12 13
1,1.2751813505308456e-05,1.4934408265152808e-07,-2.2611811055266826e-07,8.688505285705516e-08,-3.084327055439618e-07,-1.3286523462918684e-07,-4.488602632242354e-08,1.2599698740599381e-08,-3.380599336019254e-08,1.2864520229821837e-07,5.3783897479641774e-08,-1.7759303349330617e-07,1.5122752232985644e-07,-3.385669519777632e-08,-1.3509053679780734e-08,7.205910734080217e-09,-1.0631913709622775e-07,-2.6882455656237808e-08,-2.796766841337364e-08,-2.6145289089532166e-08,8.680418047588166e-10,-4.681074622325026e-09,5.834099744187978e-08,-7.089953760257324e-08,1.7354917373267087e-08,1.652660024230712e-08,-2.422543816769139e-07,1.356326999496838e-07,1.0072143240148811e-07,1.528635508490827e-08,-3.378407409221356e-08,1.697102843746593e-08,-1.2549383633204386e-07,-8.698051333008328e-08,1.6135118620102464e-08,-1.1183895327572717e-07,6.99046336493428e-08,-5.48396895293686e-09,-1.499899455214611e-07,7.703306302805144e-10,-9.8101900774634e-08,-2.193228444751488e-08,2.32536903666931e-08,1.1194068805685148e-07,-1.053609862980406e-07,1.2786043843321557e-07,-3.9648709923193613e-08,3.849665825458162e-08,-2.194968105333503e-08,-5.249760812265304e-08,-4.1393463229420215e-08,-7.55450915823593e-08,-8.800638931256429e-08,-2.8950999405975773e-08,-2.528382748371019e-07,1.4601277125812825e-08,1.522888150672045e-08,1.8382840129958874e-08,-8.791902788969461e-09,-6.702325004339156e-08,-9.858393559743933e-08,-3.78191560609376e-08,-8.627869830953803e-08,2.993760488068574e-08,1.6210452249649969e-07,5.74886060122598e-08,-1.1210222667455238e-08,-6.083019506572898e-08,7.108525168353791e-09,-2.7001588880304405e-08,5.4943134696701924e-08,1.0508971842392332e-07,-2.8422839304585475e-08,1.722649168196144e-08,3.7187458934715754e-08,-7.438045991082762e-08,-5.6442821936142193e-08,-7.230019588581521e-08,-3.208124666799114e-08,5.482844672936372e-08,-3.435758086551718e-08,-5.6353279508836734e-08,4.390336061147332e-08,-2.4118487690023738e-08,1.7868153144669476e-08,-3.2753227975306424e-09,-1.816675504780061e-08,8.56474164775383e-09,3.5321164593853274e-09,-2.2121452497961973e-08,2.8289002976219104e-08,5.426570039600968e-08
1,1.4934408265152808e-07,1.2733613857016737e-05,-1.0476086589705663e-08,1.0474134083094513e-08,-1.0822199609558083e-07,-2.5735214527413155e-08,-2.8392258505754426e-08,-2.7173863582111662e-08,-2.694216135782917e-09,-8.080452034007038e-09,6.03457014005692e-08,-7.190793672954625e-08,1.3002469987106716e-08,1.8299123458032378e-08,-2.0774661134872972e-07,6.868428141774582e-08,-2.91483821540754e-07,-1.171559929711366e-07,-4.4689144386229114e-08,1.4123601345937462e-08,-3.273508486406626e-08,1.19218482567294e-07,4.2232777036905236e-08,-1.7174558087061002e-07,1.3999506738447692e-07,-3.054919341592066e-08,-7.781208933204846e-08,-1.665813713701983e-08,-4.267848010580687e-08,4.478348713049702e-09,-3.8270159357040956e-08,1.602934199790241e-07,-2.2161212297294887e-08,-1.911269426577018e-08,-7.050975058665422e-08,5.790003020016636e-08,-9.598566816576228e-08,-3.045768308471764e-10,4.667494104310833e-09,-4.2439415997114424e-08,3.202422271386941e-08,-2.006128500692976e-08,-2.3417198846456165e-08,1.2461354105378577e-08,-3.475821163991277e-08,-3.555480680215348e-08,-9.864795520818823e-09,5.2235338037611386e-08,-5.471065558549579e-09,4.008017509548132e-08,-3.9895842128421787e-08,5.1449175636428694e-09,-9.722027534904801e-08,1.8628498417818397e-08,-5.1727969302321794e-08,-4.658442748549062e-08,-1.925651522578816e-08,-9.035052209414702e-08,3.5757730455355246e-08,3.990110596523169e-08,-2.49367555719529e-08,2.892870226011453e-08,2.5655352132987683e-08,8.779096918182907e-09,2.151956393957821e-08,3.670281893077671e-08,4.4362630581486635e-08,2.706414531557858e-08,2.471395671572815e-10,4.49593351162148e-08,5.6783368472190723e-08,1.855091297105074e-08,8.291847036777673e-08,8.504119884150237e-10,3.1864370289370534e-08,7.509375521451591e-08,-2.9969058394427696e-09,6.961638033273141e-08,-4.011305976685547e-09,-2.9202662730150856e-08,-3.6139971846286683e-08,4.548778434571408e-09,-1.7666789176420827e-08,2.9726659354142407e-08,5.433133728934724e-09,-5.270492701556747e-09,5.936885720434036e-08,1.115284885457291e-07,4.81264881975407e-08,-1.3789270107147352e-08,1.659920274273356e-08,2.0814920407629576e-08
2,-2.2611811055266826e-07,-1.0476086589705663e-08,1.27487341182358e-05,-2.4629986846668797e-07,1.3583468230870154e-07,1.0466980345750322e-07,1.796121834873958e-08,-3.689881730562139e-08,1.0990642851561242e-08,-1.2223116195419885e-07,-8.483699235127926e-08,1.4530843075204096e-08,-1.1176484339337753e-07,6.798345657051931e-08,1.4506347894671993e-07,-7.891342826908167e-08,-1.5889466586681473e-08,-4.0686985289893894e-08,3.2714826964002146e-09,-4.0938025517982634e-08,1.6278927294627185e-07,-2.6283640312364936e-08,-1.9341572942218888e-08,-7.175858980507854e-08,5.3610974664229745e-08,-9.468132493475349e-08,8.032556351297273e-08,-3.019834320659372e-07,-1.2706773529674749e-07,-4.592506291047724e-08,1.3925476811505714e-08,-3.4520899656602265e-08,1.2976831158733422e-07,4.977436321484511e-08,-1.7966474424882131e-07,1.4507768168640454e-07,-3.553815302313495e-08,1.2133555419869325e-07,9.739016909300621e-08,-4.698996916255401e-08,9.156891707234087e-08,3.7059938217744426e-08,-3.721863077347349e-08,-1.2177385799769753e-07,1.679149132622464e-07,-1.8481689463975495e-08,2.2263484529436297e-08,-7.214427858812088e-08,-1.36849969171584e-08,5.8350642173793845e-08,6.559123141991972e-08,1.867708454826175e-08,-1.187120298631595e-08,6.06286190591442e-09,2.9377306429297454e-08,-2.903422896953338e-08,2.8861946926632763e-08,3.7608727143533616e-08,6.297783057751238e-09,8.105107940813925e-08,3.827693651008887e-08,4.070341190672479e-08,1.27934210948058e-07,-1.3137702931839597e-08,3.7055267248157247e-08,-1.7165325607955806e-08,5.614180155763978e-09,3.127344543265868e-08,-5.196256431392042e-08,-1.6165566116085073e-08,1.595384632882081e-08,-7.856013291442879e-08,-2.7520344128940727e-08,-2.1420147959613562e-08,-3.9641598014700676e-08,-6.627185824949693e-08,7.529469995754056e-08,3.334977599939926e-08,7.727357407728518e-08,-8.781988061059277e-09,1.019526924742119e-08,1.2199381358590662e-07,-4.144496630337434e-08,3.1951552389946033e-08,6.973219384204955e-08,-3.8646672999781856e-08,6.334679340983686e-08,-3.6662041884404085e-08,-4.841088699456244e-08,2.1267548346818815e-08,5.0402398505166385e-08,2.457595164198782e-08
3,8.688505285705516e-08,1.0474134083094513e-08,-2.4629986846668797e-07,1.2757806235195132e-05,1.520596764367866e-09,-1.5576849556384235e-07,-2.6239324901786226e-10,-1.0100801179242338e-07,-2.2253252913397818e-08,1.906968401075457e-08,1.1641148867668698e-07,-1.0428485350087175e-07,1.2970297171808868e-07,-3.629826013399765e-08,-7.793274746128687e-08,1.4706521847123177e-07,6.440777839152847e-10,4.925245168573936e-09,-4.0312811882311176e-08,3.432586356705472e-08,-2.3890067438831378e-08,-2.1039396274387907e-08,1.4219623312165928e-08,-3.2099852237172066e-08,-3.407322225475174e-08,-6.913266151862617e-09,-2.2546985057312394e-07,1.1736617824241607e-07,9.691538798976454e-08,-4.5119685123018657e-08,9.56952890512369e-08,3.9811942082355214e-08,-3.872837222782613e-08,-1.221440538348155e-07,1.6653288327502307e-07,-1.953851518177068e-08,2.2447180892226705e-08,-3.12630218797849e-07,-1.3226950579590232e-07,-4.3891871155519036e-08,8.932998427847445e-09,-3.4158642947772534e-08,1.2994413677646804e-07,5.28528351413509e-08,-1.8823537807616604e-07,1.4344655001134276e-07,-3.4291048077583455e-08,2.826303068234438e-07,5.540670721479505e-09,5.6376386263134695e-08,-4.232093434984049e-09,2.072805910612275e-08,-9.334477349672563e-08,1.5528039947481196e-07,-1.357977188667465e-07,1.4232646776179176e-08,1.33893096439833e-08,7.148146464545206e-08,-1.1133055962931411e-07,-6.877691503185798e-08,-1.0119903599001094e-07,1.7137477330998508e-07,-1.1522901476057766e-07,4.599958915786332e-09,3.5396619535858106e-08,-4.106493022717062e-08,4.122555773579794e-08,-9.318547370943317e-08,1.7403424778693604e-08,6.75795597286476e-08,-5.902335949250402e-09,2.7284552428655166e-08,7.1247805351447085e-09,5.63407493770102e-08,9.639908389619717e-08,-1.1137300638931347e-08,-4.0677275934363135e-08,-3.853867329981382e-09,1.0613895228942239e-08,-5.569954490018043e-08,1.5655949767540164e-08,-2.9398666368457572e-08,2.3970117564778272e-08,1.6623750571948443e-08,6.671890205517569e-08,-8.838064243482436e-09,-5.9570800896974645e-08,8.748017698009428e-08,8.916458661658566e-09,4.683243524123682e-08,-3.250877262618451e-08,-6.654734391442843e-10
4,-3.084327055439618e-07,-1.0822199609558083e-07,1.3583468230870154e-07,1.520596764367866e-09,1.2759985480345461e-05,3.417881270082595e-08,-2.163406527587703e-08,-5.732826513374764e-08,-4.8917831503494215e-08,-7.46506097391754e-08,-8.831883935631223e-08,-3.379209999661633e-08,-2.6157012563919537e-07,1.3063768868715653e-08,-1.6181070373553696e-08,-4.2648401592376864e-10,1.5097207426758863e-07,5.331683987094174e-08,-5.7288438233746304e-09,3.629460992008391e-08,-4.225451804908273e-08,4.392873991970625e-09,-9.357785458099143e-08,1.6886305568140895e-08,-5.4227163697490077e-08,-4.445967745299318e-08,1.1295064875895155e-07,-2.196800861989073e-07,-6.396745860623192e-08,-1.3671197997162904e-08,5.9343717306555614e-08,6.431695829240764e-08,2.03157234041544e-08,-1.0343574486120126e-08,1.1654521774628058e-08,2.8846023874742495e-08,-2.4479560452572073e-08,7.396252647151569e-08,2.79389241016649e-07,5.789909750703128e-09,5.077325317321247e-08,-1.1234344948894407e-08,2.0715654479128684e-08,-9.158759794594196e-08,1.5347486242372825e-07,-1.3510652150549648e-07,1.1763842915728725e-08,-1.2906005039459177e-07,-4.1705551397579076e-08,1.8572421194376834e-08,-2.6669008630625338e-08,1.24172534009072e-07,4.695430284101461e-08,-1.813045865694869e-07,1.4734814743383385e-07,-3.7050127481413454e-08,-2.6681034652409075e-08,8.708967566027605e-08,4.711975103827118e-08,2.4416214891779664e-09,6.994307833243344e-08,3.305993226386627e-07,6.07628078585699e-08,4.922158403062112e-09,-6.90681742404421e-08,-5.995025349738085e-08,-1.6834843942618423e-09,2.9085313552623528e-08,-6.1730203952479954e-09,-4.770835185887723e-08,-4.5301155512537006e-08,-9.485288392336486e-08,-7.063653570872877e-09,3.798761402278598e-08,1.2172936723939867e-07,4.677368453059695e-08,9.436937445649347e-09,-4.619258906096462e-08,2.097860899138922e-08,-3.0454473952240605e-08,-1.673391318722356e-08,5.1720171377490755e-08,2.886679917255216e-09,-9.546726602250708e-08,2.8312603717299484e-08,-1.8898043416065626e-08,3.003565243351936e-08,-7.662002801638801e-08,-3.961072579174344e-09,1.6121496300892664e-07,-2.098496086780961e-08,3.1329989719330696e-08
5,-1.3286523462918684e-07,-2.5735214527413155e-08,1.0466980345750322e-07,-1.5576849556384235e-07,3.417881270082595e-08,1.2757692518090358e-05,1.6790461390310252e-08,2.445992488390252e-08,-1.2125484551759186e-08,-6.618827695247013e-08,-1.0084868502963383e-07,-4.0155012237802966e-08,-8.602537756676291e-08,3.014062489783302e-08,-4.019023470081397e-08,9.093386356039933e-09,5.2294048101680965e-08,1.477578930928894e-07,-2.0323647295370746e-08,-9.103197232763518e-08,3.6308103418894373e-08,3.8732872705371484e-08,-2.603595053456804e-08,2.7514433242184636e-08,2.388687265039853e-08,5.4060719750905746e-09,9.638528841346579e-08,-6.892253343197394e-08,-2.177267018490039e-07,3.295893592427413e-08,3.582104592894711e-08,1.0605545529390864e-08,8.147095187845169e-08,3.9386322149383885e-08,3.994281409799814e-08,1.2983740555155955e-07,-1.3829543556921281e-08,2.8323385439310146e-07,7.291114757132159e-08,7.877143389289708e-09,6.563578718055578e-08,-1.0897547266075005e-07,-6.807356507524654e-08,-9.805124923852352e-08,1.7266213876332906e-07,-1.1508829774549378e-07,3.1208341431131485e-09,-3.065672651708079e-07,-2.7775792645616847e-08,8.252878965587872e-08,4.6692392347482433e-08,3.7387280538689386e-09,7.37876825506342e-08,3.2882490155549923e-07,6.188033770089917e-08,3.4005016623169204e-09,-4.390751156615463e-08,1.8809817589448278e-08,-3.614825064764683e-08,1.3030442498609893e-07,4.4478038876588536e-08,-1.768846682010326e-07,1.4474283313157563e-07,-3.579118444711433e-08,3.023498749950214e-08,-1.3521175695146459e-08,-2.9168608069057367e-08,3.464823914104153e-08,5.800870690975065e-09,-1.295179922429243e-08,-1.89317186072177e-08,1.3851768283443597e-08,-5.035176332023964e-08,-1.7460517874093474e-08,-1.6010153885667875e-07,-2.7650405506029513e-08,-1.7797637554937876e-08,4.693316308448978e-08,1.7100859079759094e-08,-1.9455535196517943e-08,-5.803839843053827e-08,-4.432630437809291e-08,2.188638268828319e-08,-3.519389714043159e-08,-5.459107351829073e-08,-3.774625374889656e-09,8.669004081341478e-08,-1.1094670924346041e-07,-2.8165626985925243e-08,-1.3675316516482364e-07,3.0367578116057274e-08,3.9383713772904947e-08
6,-4.488602632242354e-08,-2.8392258505754426e-08,1.796121834873958e-08,-2.6239324901786226e-10,-2.163406527587703e-08,1.6790461390310252e-08,1.2730654992756037e-05,1.6307497416048226e-07,5.8387795375733576e-08,-9.069493367499511e-09,-6.451461102413973e-08,9.26690650605197e-09,-2.422113069896391e-08,5.865236060933355e-08,4.9437515113526714e-09,-4.041768140486201e-08,-5.882480796563568e-09,-2.0646497136540836e-08,1.4288155062282314e-07,1.855822329616566e-08,3.680518267299979e-08,4.513985238359671e-08,2.787517935724839e-08,-1.300510696695631e-10,4.342171887816693e-08,5.763276857835746e-08,-4.463540491419498e-08,-1.2939961703802789e-08,2.9476503881872534e-08,-2.0863555372459686e-07,3.204284093188445e-08,-1.6367851336211934e-08,5.9358640042416795e-09,3.058777908603442e-08,-5.446889304507652e-08,-1.6316465548885206e-08,1.676272087366105e-08,5.2832228612426526e-09,1.3968530324211739e-08,7.083759487640123e-08,3.6268877458547555e-08,-4.185166452431133e-08,3.665134307861902e-08,-9.37798262290652e-08,1.928222806325907e-08,6.717929813724013e-08,-6.3056636169192695e-09,-2.6423743749663826e-08,-2.911359944678715e-07,-7.081509602255409e-08,-5.805368339962371e-08,-6.04152384444165e-09,2.7289291636825655e-08,-6.824355076125395e-09,-4.6816542271423636e-08,-4.558373903086994e-08,-1.1643519763588133e-07,2.9058417413796435e-08,-1.388025326652739e-08,-2.5728977907433015e-08,3.468559822988724e-08,6.8813190486812e-09,-1.5412829656566004e-08,-1.916327336674551e-08,1.5151329707752382e-08,-3.555598351633827e-08,1.1923966382013475e-07,4.1481040175324735e-08,-1.7076058680674974e-07,1.3796286508263094e-07,-3.450328759521397e-08,2.1817700213320153e-08,1.3964927181790232e-08,-5.963616696205899e-09,-3.381410776378788e-08,4.100539863758269e-08,-1.9859312714959917e-08,3.078853773098307e-09,6.866924906013924e-08,7.783380255098437e-09,1.7947383185490096e-08,-2.8230418813442674e-08,-2.421914333598366e-08,-1.5831852316567577e-08,9.987604882309817e-09,-1.4152101194327813e-08,3.540285822640916e-08,-7.903520051157777e-08,-3.7632400245071934e-08,-7.045070358641529e-08,-5.2709660749639846e-08,7.244462087018057e-08
7,1.2599698740599381e-08,-2.7173863582111662e-08,-3.689881730562139e-08,-1.0100801179242338e-07,-5.732826513374764e-08,2.445992488390252e-08,1.6307497416048226e-07,1.2740367809552131e-05,1.0505707696902902e-07,-2.611924312462165e-08,1.152106491787864e-08,4.0673524292987556e-08,-7.090459463289648e-08,-5.9500381845507344e-08,-3.8934710478897034e-08,3.1802486035218073e-08,3.8094899043342294e-08,-8.874236621367746e-08,1.974994145731192e-08,1.439454686688234e-07,1.5413547171531113e-08,8.346504414246721e-08,2.171566945347708e-09,3.5627681705673214e-08,7.023463152171264e-08,-4.122219117003064e-09,9.462112810869115e-08,6.064354061777156e-08,3.660080790424639e-08,3.265835422369912e-08,-2.1239198911673517e-07,-8.033618713901633e-08,-2.9837614520690974e-08,-1.6766041273939696e-08,-4.3620546419651394e-08,-6.542963269274408e-08,7.930128484664597e-08,5.773829324010053e-08,6.570879404266798e-08,3.4545352602598074e-08,7.29341779032174e-08,2.7722881883467098e-08,9.005824936479044e-09,5.796384110969835e-08,9.195327913006392e-08,-1.1419325956626891e-08,-4.1831458372807284e-08,8.098734652766907e-08,-7.3036649464349e-08,-2.94828755440765e-07,-9.493792854184028e-08,-5.515876293046954e-09,4.2766629386379935e-08,1.1828514897747742e-07,5.014998149521499e-08,1.1966670944887575e-08,3.110364726412674e-08,-1.161208777058284e-07,1.3262226526064182e-08,-4.6597705589687463e-08,-1.1571599953382067e-08,-1.619302333042327e-07,-2.6153417490988825e-08,-1.7381892358330074e-08,-4.5602495678032466e-08,2.0413784974562506e-08,1.0461602278156026e-08,-6.045883418281756e-09,-3.517049057349058e-08,4.47695275497526e-08,-1.8486582267716603e-08,-3.469144520614961e-08,1.2243946420696887e-07,4.0127153433767165e-08,-1.754056720742973e-07,1.3601937416182718e-07,-3.3591439715851966e-08,4.679208375582727e-08,1.1609778367662894e-08,-1.0957441014003898e-07,-2.0926982942060965e-08,1.72523229847882e-08,1.275116582529835e-08,-4.920139897214034e-08,-2.9598613359186646e-08,-2.863284250016605e-08,-1.89821178049748e-08,-9.982989056565779e-08,-1.3985888353887445e-08,-3.108687681775974e-08,-1.9484578584597857e-08,-5.646199810307542e-08
8,-3.380599336019254e-08,-2.694216135782917e-09,1.0990642851561242e-08,-2.2253252913397818e-08,-4.8917831503494215e-08,-1.2125484551759186e-08,5.8387795375733576e-08,1.0505707696902902e-07,1.2735058059254032e-05,-6.576683632685942e-08,-3.1730185775459004e-08,5.310002660694893e-08,-2.8949527287901264e-08,-5.735716258924618e-08,1.603052449792797e-07,-2.0287529664248476e-08,-4.109764417091565e-08,3.360784974464337e-08,3.591584701111993e-08,1.8979693888875376e-08,1.445406027913414e-07,6.927189244878018e-08,-4.745611038608281e-09,-2.941655886805957e-08,-3.676426945691455e-08,4.094462541407352e-09,3.871479393726102e-08,6.569316017987123e-08,9.292100612251506e-09,-1.81635722097079e-08,-7.938405297969545e-08,-2.1467752017391587e-07,3.3064292662330847e-08,7.707795621189895e-08,-1.2644949947904566e-08,1.0400760546572124e-08,1.2221577168851711e-07,-7.3048040562251705e-09,-1.1043378325853569e-07,-4.03394640717699e-08,2.657954424990847e-08,7.043037266534733e-08,-3.652132749144863e-09,1.5125943068444234e-08,-5.5915135916475946e-08,1.7576497772937964e-08,-2.767213366501474e-08,4.935597001868628e-08,-5.704986965464275e-08,-9.515273700390078e-08,-2.9322353657806117e-07,-4.744849085618122e-08,1.9191233933940167e-08,-2.812014608718945e-08,-2.1639076423326798e-08,5.199930769778068e-08,-1.2133753580225279e-08,1.2198779829803532e-08,-1.1577463715374316e-07,4.807005337202164e-08,2.0292428852408382e-08,-2.3271967340273475e-08,-5.7730723062964456e-08,-4.497393082274567e-08,2.0512253779259144e-08,-4.490093966410874e-08,2.5211039430029424e-09,7.005242683142148e-08,1.0686824940260985e-08,1.985284565076684e-08,-2.7109815681038557e-08,1.2025393374332987e-08,4.942155314953341e-08,1.534798213967739e-08,-1.094879321954411e-07,-2.06337119585132e-08,1.915925851262281e-08,1.228641063440399e-07,3.87893316911669e-08,-1.7153848200964796e-07,1.3733986658121244e-07,-3.395246165815391e-08,-7.955998078581266e-09,-3.4496025443367126e-08,-3.790604783021578e-11,4.145932472922773e-08,-2.270458936757637e-08,-6.1318696169402e-08,2.2644226712979687e-08,-2.5196663964960278e-08,-5.397155089153673e-08,-5.400940066868966e-08
9,1.2864520229821837e-07,-8.080452034007038e-09,-1.2223116195419885e-07,1.906968401075457e-08,-7.46506097391754e-08,-6.618827695247013e-08,-9.069493367499511e-09,-2.611924312462165e-08,-6.576683632685942e-08,1.273059268130896e-05,4.5196683479778214e-08,-2.0557020414950433e-08,1.3293123682024955e-08,1.2135419538384585e-10,-2.43733728889629e-08,-2.420196136884034e-08,5.500493514325753e-09,3.9083579362214445e-08,4.571424673775164e-08,8.241505962352555e-08,7.049264645418038e-08,1.4469783082985272e-07,-1.8602618127553823e-08,2.8785631135287075e-08,6.149687940697461e-09,-5.084621059591937e-09,-3.376776243858943e-08,1.8636729669978246e-08,8.090480681131743e-08,6.079204638298987e-09,-2.9255119761116315e-08,3.582237372863425e-08,-2.1350392074791332e-07,-4.3639906856597824e-08,3.0457863862278375e-08,6.948370852668563e-08,-4.0182543969827585e-08,2.1891477905043203e-08,-6.550473067529282e-08,3.678293468753505e-08,8.486080826694592e-09,-2.869079464223768e-09,7.031041241129827e-08,2.4556505322836507e-08,1.8259927482607063e-08,6.621067163813637e-08,-7.482108723601e-09,3.2447359501790884e-09,-5.851147404137796e-09,-4.1027510517899225e-09,-4.7131885777860956e-08,-2.873264127831114e-07,-1.9250419096558555e-09,-9.215676200687183e-08,2.774107831784299e-08,-1.726469097156325e-08,-2.8061184883963152e-08,-4.655375015199674e-08,4.764611612415586e-08,-1.1920938972954868e-07,2.3246107600329165e-08,-3.524236996773759e-08,-5.751764081717853e-08,-6.099711255338006e-09,1.236306513233237e-08,4.3665694002302535e-09,-4.899252201060718e-08,-2.21007150559453e-08,-1.6359105890320137e-08,7.936669302221007e-09,-1.489392367684396e-08,4.682635083136679e-08,1.746326392042231e-08,1.2543176870891472e-08,-5.2110024897129794e-08,-2.847657586073422e-08,-2.8889881238942708e-08,-3.6181362559448024e-08,-8.544023312734574e-09,-3.567654053761371e-08,-7.664527717505106e-10,4.1322177806410006e-08,4.19986903256583e-08,-1.674420698027364e-07,1.3451776339211797e-07,-3.231594298792763e-08,-1.8644316237368466e-08,-7.045632980699534e-08,5.5782069609850965e-08,4.9133602494607976e-08,-2.8657606761455148e-08,4.34754460539524e-08
10,5.3783897479641774e-08,6.03457014005692e-08,-8.483699235127926e-08,1.1641148867668698e-07,-8.831883935631223e-08,-1.0084868502963383e-07,-6.451461102413973e-08,1.152106491787864e-08,-3.1730185775459004e-08,4.5196683479778214e-08,1.2737560525429967e-05,-1.7755307698643562e-08,4.458511084541461e-09,7.35155978718892e-09,-1.8769484884667514e-08,1.5075031436681722e-08,-9.370305699775643e-08,-2.5189828227453404e-08,2.6792329612933027e-08,2.1078140113835153e-09,-4.5501193920919286e-09,-1.6479391801959277e-08,1.450254083499864e-07,5.686255280377531e-08,1.1120433058619827e-07,4.999872398487046e-08,-1.21556631892516e-07,-1.1735476314029663e-08,3.8902349179658833e-08,3.241919112305963e-08,-1.8355123589290384e-08,7.856075987931236e-08,-4.731194218155867e-08,-2.1716152595435908e-07,6.385460298404608e-08,-3.518258522442684e-08,-4.947234955731743e-08,-9.530466143165618e-08,-1.0109405530051685e-07,-9.606088429029008e-08,5.752634589108212e-08,1.203072229528514e-08,2.62491444180481e-08,7.770008515415158e-08,-5.953061220602953e-08,8.615250710272469e-08,9.767215896897646e-09,7.210868154235678e-08,2.8064004895830777e-08,4.1381028941484957e-08,1.741981927267272e-08,-7.803356462239394e-10,-2.948262859255058e-07,3.187248948495371e-08,-7.230237885203455e-08,-4.462270977058766e-09,3.46788474203034e-08,-1.635549194181841e-08,2.138488550303601e-08,1.6711277113377996e-08,-1.2386609786553047e-07,8.312407147779439e-08,-1.0728370756938576e-07,-2.674835312628277e-08,-7.881861698719507e-09,6.940011847981415e-08,-2.3694804570123734e-08,-4.821854724460919e-08,3.817974907868675e-08,-7.779246223648928e-08,-3.881281977345744e-08,1.2640381379631751e-08,1.2960353605941768e-08,1.6801706154253388e-08,-1.9796905548476073e-08,-9.432034825002232e-08,-1.572230004843295e-08,-8.66486923261372e-09,-3.7538429248647186e-08,-2.0272419526345425e-08,-6.240866901607063e-08,2.309635244823364e-08,1.19713028085914e-07,-1.905609317915516e-08,-7.145641119038857e-08,5.7408315449473724e-08,-1.7606597975352132e-07,1.4420323023783335e-07,-2.9532116898475488e-08,-1.9461421828673518e-08,7.768217220004487e-09,4.036827621357151e-09
11,-1.7759303349330617e-07,-7.190793672954625e-08,1.4530843075204096e-08,-1.0428485350087175e-07,-3.379209999661633e-08,-4.0155012237802966e-08,9.26690650605197e-09,4.0673524292987556e-08,5.310002660694893e-08,-2.0557020414950433e-08,-1.7755307698643562e-08,1.275215476377107e-05,-2.1325444819980376e-08,2.70409401318431e-08,-7.461784855746906e-08,-2.9716954562236938e-08,1.3730394558029133e-08,2.61636915039923e-08,1.6126106930470305e-09,3.48647853875049e-08,-3.070723290721607e-08,3.017179906009086e-08,6.17912576263054e-08,1.4543477632303437e-07,-1.3155957383184517e-08,1.9376757714927145e-08,1.647056484832689e-07,1.0027748535932565e-08,4.649872218925336e-08,-5.016542653582317e-08,-3.9662037919148475e-08,-1.1903987000051197e-08,2.8728953017559857e-08,6.875373950857669e-08,-2.148411160083267e-07,2.167763687147444e-08,5.1969809588297784e-08,1.57620088985148e-07,1.7111477428215462e-07,1.928134825642706e-08,9.287100509099585e-08,-5.896203995455696e-08,2.054821784482375e-08,-5.3843386067971666e-08,6.338264798710904e-08,4.849262544926779e-08,-3.1572004766740194e-08,3.332487103724815e-07,-5.961348585340686e-09,1.1828322126689787e-07,-3.424931499059516e-08,-9.139007979625852e-08,3.031797323044625e-08,-3.0097977193363566e-07,1.571221588428514e-07,-1.960368819368778e-08,9.77937748017205e-09,-1.5980539537287669e-07,-2.0455964187184623e-08,-3.404889036132912e-08,8.347098969304194e-08,-1.246817190166729e-07,-1.3964535601202387e-07,3.1813535100848315e-08,-3.40394493997297e-08,8.07444175323608e-09,-1.8243687661970738e-08,3.4578580478187e-08,-4.3688432471700974e-08,-7.437940127928227e-08,-5.249308940238391e-08,-1.1087218811365702e-07,-5.275789524887109e-08,-1.85834990222306e-08,1.3012001363187225e-08,-3.5605130446135676e-08,-2.089323511006389e-08,-3.5185814265386184e-08,-2.3299571718087384e-08,-3.476452214749944e-08,-2.5164769369517587e-08,-5.460249308883777e-08,-2.184507950258681e-08,1.2287536286745677e-07,4.937498809780974e-08,-3.2790062646313447e-08,3.9467179729674e-08,-2.0819660253766036e-08,6.5296765246506745e-09,1.3672356355434596e-07,-3.7657512877099945e-08,-2.026469668057208e-09
12,1.5122752232985644e-07,1.3002469987106716e-08,-1.1176484339337753e-07,1.2970297171808868e-07,-2.6157012563919537e-07,-8.602537756676291e-08,-2.422113069896391e-08,-7.090459463289648e-08,-2.8949527287901264e-08,1.3293123682024955e-08,4.458511084541461e-09,-2.1325444819980376e-08,1.2747138432649848e-05,5.1094210204488406e-08,5.70839500236469e-08,-3.687999564691967e-08,-5.1414395958828276e-08,2.5261050998084425e-08,4.384971050705579e-08,7.145716562720833e-08,-3.673296952035165e-08,5.9992965853630795e-09,1.0827486366427127e-07,-1.2216451292299877e-08,1.4643432572141205e-07,2.1856170805843398e-08,-1.7095878054114626e-08,3.268348863521897e-08,1.2671708017291633e-07,-1.6381182142052264e-08,-6.382546034438147e-08,1.1038331303295654e-08,6.694238206596202e-08,-3.634686882965065e-08,2.119861172306358e-08,-2.145652448988239e-07,2.3683797749502785e-08,-1.3631299672832061e-07,-1.1868598915652775e-07,6.75990200852548e-08,-1.288691587718005e-08,1.7782655954804136e-08,6.727162757628939e-08,8.71836129588375e-08,4.52625296646102e-08,7.848272443752695e-08,-1.0785837406536964e-09,6.209141036915001e-08,-4.6055659991405775e-08,4.857919756429923e-08,-2.0426148682512273e-08,2.780976521758706e-08,-7.044031872334635e-08,1.6082289042645725e-07,-2.972253781123774e-07,2.914401578802967e-08,-1.4359725825321715e-08,-2.669803624266262e-08,-5.737291900710551e-08,-5.780374981196923e-08,-1.0630144413543029e-07,-1.325292648233276e-07,-1.2333976118738563e-07,3.787807092524121e-08,4.2584266664845185e-08,2.0212823428904914e-08,6.969308728559156e-09,-7.801491156554153e-08,-7.000107334416635e-08,-4.2555384337714084e-08,7.436425240057462e-08,-1.696187024596835e-08,-3.052062029856371e-08,-9.638234825678253e-08,-2.9112391613944828e-08,1.3015632041506048e-08,-5.4796457146873726e-08,1.4119091311243688e-09,-6.16549094246639e-08,-2.536496606336817e-08,-3.6344457056750256e-08,-5.423348350880209e-08,-7.352302713706217e-08,5.001708500349702e-08,1.201425075816043e-07,4.293058797816229e-08,-2.039716006547719e-08,4.817361906608784e-08,3.333780389786813e-09,-1.7549212441349406e-07,3.162121617794367e-09,-3.616188213799389e-08
13,-3.385669519777632e-08,1.8299123458032378e-08,6.798345657051931e-08,-3.629826013399765e-08,1.3063768868715653e-08,3.014062489783302e-08,5.865236060933355e-08,-5.9500381845507344e-08,-5.735716258924618e-08,1.2135419538384585e-10,7.35155978718892e-09,2.70409401318431e-08,5.1094210204488406e-08,1.2729468182321638e-05,-9.445088178252488e-08,-1.1083180890655703e-08,-4.488393149802996e-08,8.992388042152788e-09,5.875996099695622e-08,-4.096728726680709e-09,2.142667296389852e-09,-4.064572856852669e-09,4.6022401950843206e-08,1.66323077326168e-08,2.0830363224786942e-08,1.4272700170102697e-07,2.274319423191805e-08,-2.6341567547816182e-08,-1.177877499130021e-08,1.6270607042328024e-08,7.996709423861976e-08,1.2198272711260861e-07,-4.086349252789979e-08,-4.952280582660595e-08,5.07080390136548e-08,2.4442826317441135e-08,-2.1219772257066397e-07,1.3938390867306304e-08,4.258601601129062e-09,-7.15067339685448e-09,-4.336927524764061e-08,-2.8723891314777105e-08,-7.14745576202828e-09,8.111019544766183e-09,-3.1542805161642766e-08,-2.1836837914590273e-09,7.101178792862888e-08,4.865979754400301e-09,-4.398284460248742e-08,1.1974552322176505e-08,5.182896573624594e-08,-1.761441893552269e-08,-5.479160300581777e-09,-1.9834917536996805e-08,2.7088301951413328e-08,-2.889085715649823e-07,-2.0262195720177646e-08,-1.5397497949719736e-08,-4.507935415045109e-08,-6.910563185662745e-09,-2.7214488541065107e-08,3.191283699542147e-08,3.689886845857816e-08,-1.1709041495074896e-07,-1.741021009559896e-08,-2.7115326736745495e-08,-1.4134785568416376e-08,-3.908226729838398e-08,-5.3507063227322766e-08,7.257549860170163e-08,-4.462346944870935e-08,2.003393792966308e-08,-2.852140917937431e-08,-1.5751733258200337e-08,-1.6802574172972613e-08,-5.3428281894096176e-08,1.566336817713478e-08,4.010550235133313e-08,2.343704063651868e-08,-5.252636500214209e-08,-5.4094098904031805e-08,-3.4980474914675124e-08,5.849628901660589e-08,-2.9362978800684154e-08,4.424982968938978e-08,1.2058459888912166e-07,8.64238354016742e-09,2.9852093686952063e-09,3.85402413540927e-08,-5.791072755752662e-10,-1.674806559288998e-07,1.3955677404542623e-07
1 2,-1.3509053679780734e-08,-2.0774661134872972e-07,1.4506347894671993e-07,-7.793274746128687e-08,-1.6181070373553696e-08,-4.019023470081397e-08,4.9437515113526714e-09,-3.8934710478897034e-08,1.603052449792797e-07,-2.43733728889629e-08,-1.8769484884667514e-08,-7.461784855746906e-08,5.70839500236469e-08,-9.445088178252488e-08,1.2732207021281978e-05,-2.2780999821465675e-07,1.1772753178796774e-07,8.824860818458708e-08,1.5858041561994213e-08,-3.507359540420378e-08,1.4406061017417381e-08,-1.1856424035888713e-07,-7.440944246804278e-08,6.731749616123027e-09,-9.898016846457222e-08,6.955523153649702e-08,2.7270964827108043e-09,-1.0027450722511764e-07,-2.0219152732384453e-08,-3.290459890883051e-08,-3.03316287401734e-08,-3.5924757621929887e-09,-7.221026182835524e-09,5.4699867697664915e-08,-6.610818438815579e-08,8.420505781622826e-09,1.916925544931972e-08,-1.2109040199712828e-07,-7.868616052177785e-08,4.47867562789313e-08,6.969158332872552e-08,-9.039995557961535e-08,-9.901799911248873e-09,4.0150916601431694e-08,1.649871567809728e-08,-1.5584752152570374e-08,-2.717490869297232e-08,-8.542472058067081e-08,-2.5525265370543424e-08,2.3947189174451263e-08,-2.5961737859919144e-08,1.0220780861626688e-08,1.1815760204163588e-08,5.942761385743765e-08,-3.635361009290328e-08,2.796043716409591e-08,6.819297876167099e-08,-6.356585623778059e-08,6.277560539925237e-08,2.0495704873138167e-08,9.710720251648866e-09,8.45198108468976e-08,4.343980274111783e-08,-2.752178377213867e-08,7.757045430393765e-09,1.1334233246684346e-08,-1.021532994948689e-08,2.5297506548875853e-09,5.038783276909601e-08,6.833649177733197e-08,-5.602892456964419e-09,-6.604578568671242e-08,3.134692424561091e-08,2.9546600484499492e-08,5.242738202976632e-08,-5.4021917410871684e-08,2.3151989459025445e-10,5.1270741808402405e-08,1.3510399388974491e-08,-6.757122648225617e-08,7.368987984611982e-08,-4.8306483791998015e-08,-7.009023579301152e-08,-3.0655373616628998e-09,2.7694181685160926e-09,-1.5277025675153653e-08,-5.092275044589205e-08,-2.7539956532837874e-08,3.730451401566615e-08,-8.98778345099661e-08,5.7123397609926865e-08,-1.803677218931519e-08
1 3,7.205910734080217e-09,6.868428141774582e-08,-7.891342826908167e-08,1.4706521847123177e-07,-4.2648401592376864e-10,9.093386356039933e-09,-4.041768140486201e-08,3.1802486035218073e-08,-2.0287529664248476e-08,-2.420196136884034e-08,1.5075031436681722e-08,-2.9716954562236938e-08,-3.687999564691967e-08,-1.1083180890655703e-08,-2.2780999821465675e-07,1.2725258540619987e-05,1.4068613815954851e-08,-1.3293682414558195e-07,7.273267292352269e-10,-9.09578961935193e-08,-2.633713086574244e-08,1.8949144421154297e-08,9.818065567011044e-08,-9.533321433668791e-08,1.1677387169646505e-07,-3.630342020080765e-08,-1.1240909133723512e-08,-1.1674511187037831e-07,-7.53649721567247e-08,4.7087769137523595e-08,6.972253466530097e-08,-9.172431493866903e-08,-9.795641628094024e-09,3.6505359730982313e-08,1.5594624631539825e-08,-1.848724100246014e-08,-2.5442309842662273e-08,-1.0315929042598525e-07,-2.288154942804967e-08,-3.141058516537511e-08,-2.6585689427936282e-08,4.4742095660693225e-09,-8.163332841256727e-09,5.055467205670438e-08,-7.458632924495207e-08,1.1761627773525028e-08,1.3869526141341062e-08,8.426455537213942e-08,-2.6030213549716856e-08,2.670719080619262e-08,5.259999637034222e-08,-3.903792304517007e-08,-1.3636432365719158e-08,5.432532980629943e-08,-3.910413555148464e-09,-7.751529615416739e-08,1.6925617249908236e-08,-1.5747412262400836e-08,-6.866852858501942e-09,-2.188958503612485e-08,2.216530801758376e-08,1.6970739248236157e-08,-9.676112556113276e-08,4.354092051456066e-09,-3.238952251614847e-09,-2.726247145738946e-08,6.885112693522475e-10,9.486746277732983e-08,-1.6832471825110834e-08,-4.3681591201382406e-08,1.8835815376141502e-08,1.3952278321521985e-08,-6.377804603032296e-08,5.033735950022916e-08,-2.8377621847834038e-08,7.28498354470522e-08,7.402133354168485e-08,-6.003248878829831e-08,4.251132381199685e-09,2.951446528310076e-08,1.9823424006136143e-08,-3.55388706535432e-08,-3.187752141590482e-08,-1.4421445225230549e-08,2.7821323701492148e-08,2.2025442739106036e-08,-9.757479352615134e-09,-8.39699626846096e-09,7.194518882896354e-09,-7.385341513366534e-08,-5.373552901318196e-08,1.0993556403297096e-08
1 4,-1.0631913709622775e-07,-2.91483821540754e-07,-1.5889466586681473e-08,6.440777839152847e-10,1.5097207426758863e-07,5.2294048101680965e-08,-5.882480796563568e-09,3.8094899043342294e-08,-4.109764417091565e-08,5.500493514325753e-09,-9.370305699775643e-08,1.3730394558029133e-08,-5.1414395958828276e-08,-4.488393149802996e-08,1.1772753178796774e-07,1.4068613815954851e-08,1.273077969637045e-05,3.179783660609099e-08,-2.3957423916105728e-08,-5.064058460853096e-08,-3.8491088812718735e-08,-7.252035203531295e-08,-8.026178375122336e-08,-3.818879853381142e-08,-2.4680144734722667e-07,8.28466556421411e-09,-1.1544419017958083e-07,-9.612652166032064e-09,-8.253948689624606e-08,-2.4503419836507222e-08,2.666052025509017e-08,-2.7364659008083547e-08,1.0655015852377136e-08,1.2293725171015055e-08,5.9253353879509565e-08,-3.582671539168659e-08,2.914249954679414e-08,5.647273176833615e-09,8.515908282009383e-08,-2.5982795932210325e-08,2.602328453176894e-08,5.308563718711375e-08,-3.9968530901955174e-08,-1.4305932340402528e-08,5.5620170637301785e-08,-4.874440855173748e-09,-7.895945805584415e-08,-3.0247789664396977e-08,-2.7924505249307798e-08,-2.8593139757442515e-08,2.8637584168157385e-09,-7.02346246097498e-09,5.946450670165768e-08,-6.909686889758259e-08,1.3739412752435362e-08,1.9089339851498616e-08,1.4000739398111936e-08,1.0121436559975136e-07,-4.8455324361192514e-08,6.988030179332835e-08,3.211206957338315e-08,-1.8106408414473925e-08,2.2479629310846005e-08,9.955205665352198e-08,4.426811201725308e-08,-3.0454625464148723e-08,-4.829045614499993e-08,-5.269566942094889e-08,-5.76625345146412e-08,1.2355726817351998e-08,2.6669346094256585e-08,3.73300716453216e-08,3.872147101901934e-08,-6.94175294885666e-09,-3.393217145576707e-08,-1.0110198222331459e-08,1.9832436527608295e-08,-1.813008705160537e-08,-2.9902568947302465e-08,-3.8217115556741354e-08,5.0969763173515435e-09,-9.5351522977781e-08,6.746183685748314e-08,1.2005443756291766e-08,-2.8121249259764518e-08,3.89709345760013e-09,-2.4753093635224282e-08,-5.498161072175491e-08,-2.2090055457540743e-09,5.102752334175699e-08,-3.755689698138319e-09,-6.760094591330671e-08
1 5,-2.6882455656237808e-08,-1.171559929711366e-07,-4.0686985289893894e-08,4.925245168573936e-09,5.331683987094174e-08,1.477578930928894e-07,-2.0646497136540836e-08,-8.874236621367746e-08,3.360784974464337e-08,3.9083579362214445e-08,-2.5189828227453404e-08,2.61636915039923e-08,2.5261050998084425e-08,8.992388042152788e-09,8.824860818458708e-08,-1.3293682414558195e-07,3.179783660609099e-08,1.272158654864453e-05,1.497060069918818e-08,1.8102210599013964e-08,-8.080845967931968e-09,-5.951099718552236e-08,-9.01580420160892e-08,-3.059368574745478e-08,-8.094772396491686e-08,2.584842633612369e-08,-7.454649857269862e-08,-8.32442776377606e-08,-9.731599033905093e-09,6.80591716655857e-08,-6.571444246583051e-08,6.44598984941871e-08,2.231028962609719e-08,1.3691116196060311e-08,8.530190785930903e-08,4.692538572116151e-08,-2.6932907990048115e-08,8.269011221571422e-08,7.55919248886393e-09,1.6052760752143656e-08,-1.5762761298661157e-08,-9.15168926341746e-09,-2.0600393685244544e-08,2.3414096529494134e-08,1.4182435749102463e-08,-9.918698694578569e-08,4.335037226123499e-09,-1.0831091380093596e-07,1.3853170445535576e-08,1.0269739822064923e-07,-4.905423285171034e-08,6.995900761785366e-08,3.332027104200174e-08,-1.5257516859569708e-08,2.21850671583371e-08,1.0050245975651466e-07,-3.0371636177422345e-08,-2.5079829254637677e-08,7.110799128096333e-10,-7.766156568156382e-09,5.3039173271608455e-08,-6.913351153759291e-08,1.3442479100297354e-08,1.3742133891467203e-08,-7.682962808932269e-08,-1.0929003222227831e-08,1.3950833380160174e-08,1.4283964088874243e-08,3.415816852386615e-08,-8.118223945225245e-09,4.6516456320193467e-08,5.013982623626651e-08,-1.1753594513729906e-08,-1.134206506646558e-08,2.5262692497786407e-08,-3.966121875405936e-08,-8.285698346120724e-10,6.952955512788658e-08,2.1505251145787926e-08,-1.6622307528098116e-08,1.7323606329287725e-08,1.1636924939671153e-08,5.457367825306124e-08,-6.015949024652253e-08,-8.765873170469178e-08,4.985072377731985e-08,5.607633360408688e-09,-3.4762926816320057e-08,-1.7837380384736074e-08,1.4595810360154316e-08,1.5075947091138474e-08,4.915158384759896e-09
