,1,1,2,3,5,6,7,8,9,10,11,12,13
1,9.702309078355714e-06,1.871348175784713e-08,-2.7094776076937845e-07,-1.8983918895498394e-07,-4.978601480556727e-07,-5.690342416373663e-08,-3.959338757073763e-07,6.05516611570254e-08,1.0611857706778957e-07,3.6108313572345e-08,-5.937393693862144e-07,-4.1452613681973234e-07,-5.3883914748651924e-08
1,1.871348175784713e-08,9.609447816525111e-06,-1.846294333047345e-08,3.0739427878708392e-09,3.250540229217805e-08,-2.3544673279542467e-08,2.7710656156233555e-08,-6.056239024215783e-08,1.397193665102998e-08,-3.885493754702252e-08,-2.745076874712307e-08,-2.2877631962480282e-08,-1.3341506241702793e-08
2,-2.7094776076937845e-07,-1.846294333047345e-08,9.63080570438597e-06,-4.517539663290265e-08,2.3197856676325684e-07,1.621558989143534e-08,1.6891559398524967e-07,3.4045051976468003e-08,-1.2906971287343885e-07,-1.2294936801265865e-07,2.2646689269248987e-07,6.34623485840847e-08,4.858910060505843e-08
3,-1.8983918895498394e-07,3.0739427878708392e-09,-4.517539663290265e-08,9.638587078721938e-06,3.524277322182152e-07,4.541812036589948e-08,2.0948911621933656e-07,-6.581637338782664e-08,2.9773725327130713e-08,2.398395822248087e-08,2.9781424475352706e-07,1.9417796119263972e-07,2.8207393874006303e-08
5,-4.978601480556727e-07,3.250540229217805e-08,2.3197856676325684e-07,3.524277322182152e-07,9.715076829911361e-06,-1.647159134181498e-09,4.4958000797527776e-07,-9.231201217922593e-08,-1.1618479730074406e-07,-8.514452161761357e-08,6.575824082950009e-07,3.2165569107599174e-07,6.372325233699545e-08
6,-5.690342416373663e-08,-2.3544673279542467e-08,1.621558989143534e-08,4.541812036589948e-08,-1.647159134181498e-09,9.610519457200649e-06,7.231828931276423e-08,2.3704456413787478e-08,-3.059009828463263e-08,-2.8533446110712922e-08,7.997752543804413e-09,-7.105812117695238e-08,3.94529439085946e-08
7,-3.959338757073763e-07,2.7710656156233555e-08,1.6891559398524967e-07,2.0948911621933656e-07,4.4958000797527776e-07,7.231828931276423e-08,9.67621535947705e-06,-8.400597127118851e-08,-7.650878724277275e-08,1.2754638463142347e-08,4.955800789705077e-07,2.8076523391066784e-07,-1.4055285734210877e-08
8,6.05516611570254e-08,-6.056239024215783e-08,3.4045051976468003e-08,-6.581637338782664e-08,-9.231201217922593e-08,2.3704456413787478e-08,-8.400597127118851e-08,9.614193765150638e-06,-9.452552997198952e-08,-1.5350494973351157e-09,-1.0334220885945761e-07,-1.14529038519133e-07,-2.992076106074095e-08
9,1.0611857706778957e-07,1.397193665102998e-08,-1.2906971287343885e-07,2.9773725327130713e-08,-1.1618479730074406e-07,-3.059009828463263e-08,-7.650878724277275e-08,-9.452552997198952e-08,9.616517196741068e-06,5.354724232363249e-08,-1.5714980069908495e-07,-1.1835423840687037e-08,-4.146751149224561e-08
10,3.6108313572345e-08,-3.885493754702252e-08,-1.2294936801265865e-07,2.398395822248087e-08,-8.514452161761357e-08,-2.8533446110712922e-08,1.2754638463142347e-08,-1.5350494973351157e-09,5.354724232363249e-08,9.612141204355285e-06,-5.6622016134121494e-08,-7.625601192868478e-08,-9.96236691466619e-09
11,-5.937393693862144e-07,-2.745076874712307e-08,2.2646689269248987e-07,2.9781424475352706e-07,6.575824082950009e-07,7.997752543804413e-09,4.955800789705077e-07,-1.0334220885945761e-07,-1.5714980069908495e-07,-5.6622016134121494e-08,9.734753242412273e-06,4.4494587492758603e-07,4.509152468820992e-08
12,-4.1452613681973234e-07,-2.2877631962480282e-08,6.34623485840847e-08,1.9417796119263972e-07,3.2165569107599174e-07,-7.105812117695238e-08,2.8076523391066784e-07,-1.14529038519133e-07,-1.1835423840687037e-08,-7.625601192868478e-08,4.4494587492758603e-07,9.662940485891556e-06,5.583704924125962e-08
13,-5.3883914748651924e-08,-1.3341506241702793e-08,4.858910060505843e-08,2.8207393874006303e-08,6.372325233699545e-08,3.94529439085946e-08,-1.4055285734210877e-08,-2.992076106074095e-08,-4.146751149224561e-08,-9.96236691466619e-09,4.509152468820992e-08,5.583704924125962e-08,9.610247498079729e-06
