,1,1,2,3,4,5,6,7,8,9,10,11,12,13
1,1.535203781552874e-05,1.7413469098582536e-07,-2.5310474317416904e-07,8.335068218863751e-08,-3.4651666245302855e-07,-1.41528341249134e-07,-5.485521067662101e-08,1.894334843525862e-08,-4.2498733139545204e-08,1.463983283737463e-07,4.804436413754304e-08,-2.036847882003114e-07,1.6346330903730902e-07,-3.917967797590768e-08
1,1.7413469098582536e-07,1.5334375219208883e-05,-1.271766937633539e-08,6.655473346477433e-09,-1.2400444890791562e-07,-2.703929622476367e-08,-3.4188905857232894e-08,-3.3071055189195026e-08,3.1646246720751936e-09,-9.433526301521857e-09,6.367922947278221e-08,-8.466704510209928e-08,1.2994206555974328e-08,1.5747768626266097e-08
2,-2.5310474317416904e-07,-1.271766937633539e-08,1.5344649647766067e-05,-2.7307368810174187e-07,1.457260932067572e-07,1.0668015851172356e-07,1.797614517731383e-08,-3.917673810084691e-08,1.3737393236532847e-08,-1.408815078654894e-07,-9.179222892964935e-08,1.3494593005658195e-08,-1.237090682165712e-07,8.4223457726175e-08
3,8.335068218863751e-08,6.655473346477433e-09,-2.7307368810174187e-07,1.5341321347044536e-05,1.766597563879632e-08,-1.5725438835251607e-07,7.057170489679079e-10,-1.1221968682800754e-07,-2.69959927288298e-08,2.1505738766823298e-08,1.1853842653923868e-07,-1.1343114750868125e-07,1.4060735364196732e-07,-4.651929139340804e-08
4,-3.4651666245302855e-07,-1.2400444890791562e-07,1.457260932067572e-07,1.766597563879632e-08,1.5347613015862492e-05,3.584087130571881e-08,-2.709916951216103e-08,-6.181797371559163e-08,-4.8140307521020416e-08,-8.731679810710513e-08,-9.32896804552631e-08,-4.8501894638779315e-08,-2.896201496109066e-07,1.2923972320222301e-08
5,-1.41528341249134e-07,-2.703929622476367e-08,1.0668015851172356e-07,-1.5725438835251607e-07,3.584087130571881e-08,1.53360280614972e-05,1.82572078923032e-08,2.5893256012713208e-08,-1.0981552344322494e-08,-7.327538915719315e-08,-1.0603900699207521e-07,-3.783082828625103e-08,-9.524170474553113e-08,3.398274418272644e-08
6,-5.485521067662101e-08,-3.4188905857232894e-08,1.797614517731383e-08,7.057170489679079e-10,-2.709916951216103e-08,1.82572078923032e-08,1.5334210950123054e-05,1.9066908018159767e-07,6.373446178917066e-08,-1.4077974605992416e-08,-7.0536408794353e-08,1.0263814835070735e-08,-3.435305213309085e-08,6.515375342121937e-08
7,1.894334843525862e-08,-3.3071055189195026e-08,-3.917673810084691e-08,-1.1221968682800754e-07,-6.181797371559163e-08,2.5893256012713208e-08,1.9066908018159767e-07,1.5336099652397364e-05,1.1353457974735738e-07,-3.742318864241897e-08,1.89451627985847e-08,4.280417639723949e-08,-9.158961332201439e-08,-6.605359771812172e-08
8,-4.2498733139545204e-08,3.1646246720751936e-09,1.3737393236532847e-08,-2.69959927288298e-08,-4.8140307521020416e-08,-1.0981552344322494e-08,6.373446178917066e-08,1.1353457974735738e-07,1.5333078233006523e-05,-8.35059027868287e-08,-3.355135528031313e-08,6.340660873985596e-08,-3.8209311830283094e-08,-6.2058397900192e-08
9,1.463983283737463e-07,-9.433526301521857e-09,-1.408815078654894e-07,2.1505738766823298e-08,-8.731679810710513e-08,-7.327538915719315e-08,-1.4077974605992416e-08,-3.742318864241897e-08,-8.35059027868287e-08,1.533476531631978e-05,5.2159868113710794e-08,-3.108019135930829e-08,1.760175629749967e-08,-5.0920099147272535e-09
10,4.804436413754304e-08,6.367922947278221e-08,-9.179222892964935e-08,1.1853842653923868e-07,-9.32896804552631e-08,-1.0603900699207521e-07,-7.0536408794353e-08,1.89451627985847e-08,-3.355135528031313e-08,5.2159868113710794e-08,1.533421445562702e-05,-1.3891624858719695e-08,-7.589695648503078e-09,2.6093368162755617e-09
11,-2.036847882003114e-07,-8.466704510209928e-08,1.3494593005658195e-08,-1.1343114750868125e-07,-4.8501894638779315e-08,-3.783082828625103e-08,1.0263814835070735e-08,4.280417639723949e-08,6.340660873985596e-08,-3.108019135930829e-08,-1.3891624858719695e-08,1.5335328909302224e-05,-1.8905697194972496e-08,3.330354931380267e-08
12,1.6346330903730902e-07,1.2994206555974328e-08,-1.237090682165712e-07,1.4060735364196732e-07,-2.896201496109066e-07,-9.524170474553113e-08,-3.435305213309085e-08,-9.158961332201439e-08,-3.8209311830283094e-08,1.760175629749967e-08,-7.589695648503078e-09,-1.8905697194972496e-08,1.5341343746232468e-05,6.464485929621888e-08
13,-3.917967797590768e-08,1.5747768626266097e-08,8.4223457726175e-08,-4.651929139340804e-08,1.2923972320222301e-08,3.398274418272644e-08,6.515375342121937e-08,-6.605359771812172e-08,-6.2058397900192e-08,-5.0920099147272535e-09,2.6093368162755617e-09,3.330354931380267e-08,6.464485929621888e-08,1.533249389041209e-05
