,1,1,2,3,4,5,6,7,8,9,10,11,12,13,1 2,1 3,1 4,1 5,1 6,1 7,1 8,1 9,1 10,1 11,1 12,1 13,2 3,2 4,2 5,2 6,2 7,2 8,2 9,2 10,2 11,2 12,2 13,3 4,3 5,3 6,3 7,3 8,3 9,3 10,3 11,3 12,3 13,4 5,4 6,4 7,4 8,4 9,4 10,4 11,4 12,4 13,5 6,5 7,5 8,5 9,5 10,5 11,5 12,5 13,6 7,6 8,6 9,6 10,6 11,6 12,6 13,7 8,7 9,7 10,7 11,7 12,7 13,8 9,8 10,8 11,8 12,8 13,9 10,9 11,9 12,9 13,10 11,10 12,10 13,11 12,11 13,12 13
1,1.3212896568486326e-05,1.547441010150173e-07,-2.3429414222143557e-07,9.00266629738456e-08,-3.1958508764218225e-07,-1.376694069413971e-07,-4.650902578850026e-08,1.3055281602442167e-08,-3.5028358396020536e-08,1.3329678569175738e-07,5.57286282576785e-08,-1.8401448404604956e-07,1.5669564254692381e-07,-3.508089352253786e-08,-1.3997517210769058e-08,7.466463744275424e-09,-1.1016344938846362e-07,-2.7854477792113732e-08,-2.8978929926617465e-08,-2.7090656583814763e-08,8.994286639014809e-10,-4.850334016287094e-09,6.045050490904561e-08,-7.346313970999743e-08,1.7982440545585568e-08,1.7124172929554067e-08,-2.510138724211404e-07,1.4053693892195634e-07,1.0436334157464281e-07,1.583908269690165e-08,-3.5005646566009646e-08,1.7584670863617163e-08,-1.300314718959449e-07,-9.01255751290441e-08,1.6718536023046605e-08,-1.1588285237584435e-07,7.24322617863092e-08,-5.682259588393522e-09,-1.5541331714606395e-07,7.981844258619521e-10,-1.0164909230891338e-07,-2.272531713195139e-08,2.4094502756240765e-08,1.1598826570704257e-07,-1.0917065354901778e-07,1.324836461508873e-07,-4.108233727469358e-08,3.9888629451678014e-08,-2.27433427683245e-08,-5.439582894846952e-08,-4.289017778013227e-08,-7.827666872002261e-08,-9.118854497587985e-08,-2.9997816431852994e-08,-2.619804604722641e-07,1.512923352830225e-08,1.5779530975595474e-08,1.904753117437401e-08,-9.109802471819475e-09,-6.944669243621503e-08,-1.0214855665988465e-07,-3.918662997483384e-08,-8.939838371640194e-08,3.1020095818688316e-08,1.6796593583637927e-07,5.956729251021743e-08,-1.1615564527596504e-08,-6.302970752432458e-08,7.36555688842538e-09,-2.7977918663234296e-08,5.6929781445888116e-08,1.088895771074926e-07,-2.945055899365676e-08,1.784937120801633e-08,3.853209179578152e-08,-7.706992602339162e-08,-5.8483694728226675e-08,-7.4914443323916e-08,-3.324124790844877e-08,5.6810946564131197e-08,-3.559989033171658e-08,-5.8390914604835935e-08,4.549082862032662e-08,-2.4990569623993717e-08,1.8514234016370256e-08,-3.3937526873461622e-09,-1.882363283714053e-08,8.874427584787763e-09,3.659831554647377e-09,-2.292132516512872e-08,2.9311883379943097e-08,5.622785231688498e-08
1,1.547441010150173e-07,1.3194038853043639e-05,-1.0854883385383961e-08,1.085286027958088e-08,-1.121351124097585e-07,-2.6665754449511256e-08,-2.9418872447130014e-08,-2.815642251410998e-08,-2.7916342346464938e-09,-8.372626913615401e-09,6.252769542360039e-08,-7.45080007690852e-08,1.3472616346135393e-08,1.8960787455391434e-08,-2.1525836204094448e-07,7.116778377253493e-08,-3.0202336191647024e-07,-1.2139214683946985e-07,-4.6305024949085744e-08,1.4634285835557466e-08,-3.391872773935046e-08,1.2352921241812362e-07,4.375983969309746e-08,-1.7795559786012432e-07,1.4505704186148409e-07,-3.16537983156051e-08,-8.062563710598315e-08,-1.726046596615278e-08,-4.422165859808715e-08,4.6402778960425394e-09,-3.9653940753883364e-08,1.6608934704935162e-07,-2.2962522608610065e-08,-1.9803775547187513e-08,-7.305925868374709e-08,5.99935930703942e-08,-9.945634046508819e-08,-3.155897913238617e-10,4.836262450717748e-09,-4.39739503532892e-08,3.31821620688211e-08,-2.0786665654821827e-08,-2.4263923413959798e-08,1.2911934669457574e-08,-3.601500720760547e-08,-3.6840405844533596e-08,-1.0221489110673235e-08,5.4124075640187445e-08,-5.6688896300459855e-09,4.1529403465864614e-08,-4.1338405344153857e-08,5.33094869945383e-09,-1.0073558886443734e-07,1.9302072032215766e-08,-5.359836134718321e-08,-4.826883813911693e-08,-1.9952796819205557e-08,-9.361743746030626e-08,3.7050666858775846e-08,4.134385951200957e-08,-2.5838424627891285e-08,2.997471306056275e-08,2.6583004371899462e-08,9.096533563353893e-09,2.2297673379100842e-08,3.802992806492616e-08,4.5966704981619986e-08,2.8042737028765345e-08,2.5607569758374167e-10,4.658498529884922e-08,5.883655482578789e-08,1.9221681232669167e-08,8.591665586470877e-08,8.811613845239262e-10,3.3016529662869895e-08,7.780901282594696e-08,-3.105268663595638e-09,7.213358573867693e-08,-4.156347718889816e-09,-3.0258579457521665e-08,-3.7446729423560765e-08,4.71325423195164e-09,-1.8305589082535413e-08,3.080152287432698e-08,5.6295862524404486e-09,-5.461064412653271e-09,6.151553026584265e-08,1.1556116178933132e-07,4.986665704402501e-08,-1.4287865769430505e-08,1.7199400608217083e-08,2.156755118107667e-08
2,-2.3429414222143557e-07,-1.0854883385383961e-08,1.3209705836213743e-05,-2.552056368709742e-07,1.4074622460647871e-07,1.0845447875724159e-07,1.861066429391403e-08,-3.823301339497244e-08,1.1388045093225317e-08,-1.2665082497280954e-07,-8.790454821600715e-08,1.5056252706773983e-08,-1.1580606281098905e-07,7.044161833613058e-08,1.5030871823759789e-07,-8.176679851457878e-08,-1.646400164579284e-08,-4.2158154845591015e-08,3.389773734938511e-09,-4.2418272245118924e-08,1.686754456534965e-07,-2.7234010342607735e-08,-2.0040930072494044e-08,-7.435325372349894e-08,5.554945285855433e-08,-9.810483448564848e-08,8.322999407578106e-08,-3.1290261982130737e-07,-1.316622802685124e-07,-4.758563210517132e-08,1.442899746774716e-08,-3.5769114441949926e-08,1.3446050462993166e-07,5.157411631265153e-08,-1.861611042049036e-07,1.5032343452327472e-07,-3.682314989426779e-08,1.2572283362204964e-07,1.009116256662317e-07,-4.868904348724395e-08,9.487988744984985e-08,3.839996015482081e-08,-3.856439075319523e-08,-1.261769857126058e-07,1.739864200740401e-07,-1.9149954725791356e-08,2.3068492824105304e-08,-7.475288833200716e-08,-1.4179822244984621e-08,6.046049837743802e-08,6.796289454753018e-08,1.935241495135772e-08,-1.230044472783438e-08,6.2820842885221725e-09,3.043953796449804e-08,-3.008405542948805e-08,2.9905543972078026e-08,3.896859231928625e-08,6.5254997744589285e-09,8.398174334482718e-08,3.9660962956820515e-08,4.217517541988552e-08,1.3256008614962192e-07,-1.361273907539767e-08,3.839512029121989e-08,-1.778599347676262e-08,5.81717899842855e-09,3.2404238006610106e-08,-5.384143890022656e-08,-1.6750084446729257e-08,1.653070924574627e-08,-8.140072862364036e-08,-2.8515431185805123e-08,-2.2194662692818396e-08,-4.107496821214553e-08,-6.866813164162637e-08,7.801722337611385e-08,3.455564502090726e-08,8.006765009034987e-08,-9.099529244852392e-09,1.0563912183782136e-08,1.264048945065556e-07,-4.29435431143125e-08,3.310686411428325e-08,7.225358686002465e-08,-4.004406846521545e-08,6.563730162153115e-08,-3.798767659254809e-08,-5.016133919944439e-08,2.2036545347437785e-08,5.222486025028204e-08,2.5464574664813687e-08
3,9.00266629738456e-08,1.085286027958088e-08,-2.552056368709742e-07,1.321910598490561e-05,1.5755788587720245e-09,-1.6140080935601676e-07,-2.718809256502083e-10,-1.0466028317040182e-07,-2.305789125089467e-08,1.9759210117284628e-08,1.2062072258414635e-07,-1.0805560968980288e-07,1.3439280218637094e-07,-3.7610741136299286e-08,-8.075065802015434e-08,1.523828371292689e-07,6.673664994700445e-10,5.103333338408188e-09,-4.177045198818878e-08,3.556702619173823e-08,-2.4753890099791455e-08,-2.1800143698867525e-08,1.4733779786559121e-08,-3.326052622216337e-08,-3.530524981561758e-08,-7.163237650625341e-09,-2.3362244230552615e-07,1.216099320390792e-07,1.0041967731651717e-07,-4.6751133278803084e-08,9.915546175444243e-08,4.125147162054604e-08,-4.0128721793106795e-08,-1.2656056717761766e-07,1.7255441832243615e-07,-2.024499339572886e-08,2.3258831323060486e-08,-3.239343755646706e-07,-1.3705213760525313e-07,-4.5478923725929535e-08,9.255999879896626e-09,-3.53937591700888e-08,1.346426873474873e-07,5.476390034901444e-08,-1.9504163702009367e-07,1.4863332400658615e-07,-3.553095183563401e-08,2.928497197377564e-07,5.741011592780375e-09,5.8414856858574616e-08,-4.385118461882778e-09,2.1477549128259946e-08,-9.671995570728711e-08,1.6089506457413482e-07,-1.407079246317211e-07,1.474727415603832e-08,1.387344344204385e-08,7.406610820736152e-08,-1.1535607611273988e-07,-7.126376685458985e-08,-1.048582144657232e-07,1.775713825527635e-07,-1.1939549249887406e-07,4.766285309008768e-09,3.6676498805966696e-08,-4.2549765604542405e-08,4.271620112029575e-08,-9.6554895920928e-08,1.8032701893153065e-08,7.002311729753183e-08,-6.115753996671839e-09,2.8271113673924663e-08,7.382400020580801e-09,5.837793140556435e-08,9.988470457845509e-08,-1.1540005767264158e-08,-4.2148094416906015e-08,-3.993216368676875e-09,1.099767494171583e-08,-5.7713542106891246e-08,1.622204127074253e-08,-3.046167024134747e-08,2.4836834696965056e-08,1.722483604359748e-08,6.9131339762068e-08,-9.157633043030144e-09,-6.172477588587341e-08,9.064330573448932e-08,9.238862064963117e-09,4.852581341745618e-08,-3.368423245049845e-08,-6.895357838183515e-10
4,-3.1958508764218225e-07,-1.121351124097585e-07,1.4074622460647871e-07,1.5755788587720245e-09,1.3221364027713144e-05,3.541465822580317e-08,-2.2416314881569493e-08,-5.940115398861817e-08,-5.068661392681467e-08,-7.734984399258616e-08,-9.151229266158291e-08,-3.501396267294598e-08,-2.710280395833833e-07,1.3536131687080868e-08,-1.6766149310775367e-08,-4.419049249871477e-10,1.5643095793371487e-07,5.524468267043249e-08,-5.93598870182267e-09,3.760695893709483e-08,-4.37823668218918e-08,4.55171255995384e-09,-9.696146459205809e-08,1.7496884564914546e-08,-5.6187922199382994e-08,-4.606726089666512e-08,1.1703474480505705e-07,-2.2762333027329752e-07,-6.628040897565088e-08,-1.4165524380403916e-08,6.148948135373819e-08,6.664254595344121e-08,2.1050304095282165e-08,-1.0717579878081302e-08,1.2075928706079938e-08,2.988904517074337e-08,-2.5364698140166157e-08,7.663688084877065e-08,2.894914627134507e-07,5.999262665272202e-09,5.2609124368385195e-08,-1.1640559028144914e-08,2.1464695971853995e-08,-9.48992437908595e-08,1.5902424249093798e-07,-1.3999173479418896e-07,1.218920270663764e-08,-1.3372663396288628e-07,-4.321355050546382e-08,1.9243967155378225e-08,-2.763331289889328e-08,1.286623936137178e-07,4.865208753448615e-08,-1.8786024032876246e-07,1.5267599630365096e-07,-3.838979467958484e-08,-2.7645773760392924e-08,9.023868457637185e-08,4.882351804645871e-08,2.5299062115731328e-09,7.247209656126677e-08,3.4255321047613046e-07,6.295988371472594e-08,5.1001349609051035e-09,-7.156555748194171e-08,-6.21179488223913e-08,-1.7443562177868064e-09,3.013698714091351e-08,-6.396225914346556e-09,-4.9433401633570165e-08,-4.693916531722261e-08,-9.82825967444027e-08,-7.319062813199824e-09,3.9361179079172135e-08,1.2613088624703477e-07,4.846493838484324e-08,9.778160442883943e-09,-4.7862831528946114e-08,2.1737158455034823e-08,-3.1555653963344454e-08,-1.733898194455016e-08,5.359028146315742e-08,2.991057166664329e-09,-9.891919381556567e-08,2.9336337482154116e-08,-1.9581363301721145e-08,3.112168859793062e-08,-7.93904729577184e-08,-4.10429797041107e-09,1.6704421144824223e-07,-2.1743740004092416e-08,3.2462826834859914e-08
5,-1.376694069413971e-07,-2.6665754449511256e-08,1.0845447875724159e-07,-1.6140080935601676e-07,3.541465822580317e-08,1.3218988155991094e-05,1.7397574830825294e-08,2.5344352583999874e-08,-1.2563920665752983e-08,-6.858152819246087e-08,-1.0449519543315928e-07,-4.1606946587128536e-08,-8.913590334280283e-08,3.123045668122623e-08,-4.164344263221718e-08,9.422187152409588e-09,5.418490855652187e-08,1.5310055764233692e-07,-2.105851450041536e-08,-9.432352773114511e-08,3.762094033699967e-08,4.013338499997465e-08,-2.6977364539739043e-08,2.8509306571819534e-08,2.475057979344924e-08,5.601545993354497e-09,9.98704102754239e-08,-7.141465055896646e-08,-2.255993149939783e-07,3.415067285868908e-08,3.711627170811009e-08,1.098902333176997e-08,8.441679766238629e-08,4.0810462022225365e-08,4.138707573722164e-08,1.345320969099188e-07,-1.4329595436045967e-08,2.9347509052197684e-07,7.554748594374241e-08,8.161966987244071e-09,6.800906136580817e-08,-1.1291583335727039e-07,-7.053498500530326e-08,-1.0159660930268184e-07,1.7890529686807207e-07,-1.1924968740495895e-07,3.233677995932802e-09,-3.176521962385478e-07,-2.878011626985296e-08,8.551288498624516e-08,4.838070681990769e-08,3.873913859617219e-09,7.645571488039494e-08,3.4071462945931896e-07,6.411782146316827e-08,3.523457798881325e-09,-4.549512966620075e-08,1.9489947384974957e-08,-3.745530757176198e-08,1.350160029426939e-07,4.608628623692081e-08,-1.8328050551541782e-07,1.4997647843587432e-07,-3.708533048781431e-08,3.132823126797567e-08,-1.4010077536809135e-08,-3.022329344000613e-08,3.590105829733018e-08,6.010619933792965e-09,-1.3420113417996367e-08,-1.9616256128332133e-08,1.435262376944184e-08,-5.217239418646416e-08,-1.809185937408542e-08,-1.6589052784438607e-07,-2.8650195352667638e-08,-1.8441168707408394e-08,4.863018340168737e-08,1.7719195952721203e-08,-2.0159013000709555e-08,-6.013696445168891e-08,-4.5929065286845026e-08,2.267775564614489e-08,-3.646644632662552e-08,-5.656499035682537e-08,-3.911109164389754e-09,8.982459963899862e-08,-1.1495834637461698e-07,-2.9184046331659043e-08,-1.416979181811077e-07,3.146561612713829e-08,4.0807759331458005e-08
6,-4.650902578850026e-08,-2.9418872447130014e-08,1.861066429391403e-08,-2.718809256502083e-10,-2.2416314881569493e-08,1.7397574830825294e-08,1.319097300147511e-05,1.689714773192107e-07,6.049899497356636e-08,-9.397430235586329e-09,-6.684734545899921e-08,9.601981484698313e-09,-2.5096924022922163e-08,6.077312641892655e-08,5.122508837869075e-09,-4.1879113407529164e-08,-6.0951809167178826e-09,-2.139303802185463e-08,1.4804789523767733e-07,1.922925588623395e-08,3.8135993099346065e-08,4.677202975191858e-08,2.8883096629511044e-08,-1.3475348674520793e-10,4.4991771572276595e-08,5.97166677401879e-08,-4.624934235261925e-08,-1.3407847873664822e-08,3.054232222182632e-08,-2.1617944700370587e-07,3.320145348872933e-08,-1.6959683943283772e-08,6.1504943669382205e-09,3.1693779175427635e-08,-5.643839205340789e-08,-1.6906440136608303e-08,1.7368831266069606e-08,5.474254872438474e-09,1.4473607719462174e-08,7.339895724420619e-08,3.758029603517968e-08,-4.336494682489774e-08,3.797659093683445e-08,-9.717073917834768e-08,1.9979439387483713e-08,6.960838295363611e-08,-6.533665280733443e-09,-2.7379179672848414e-08,-3.0166295803071685e-07,-7.337564487152538e-08,-6.015280209827106e-08,-6.2599746804186394e-09,2.827602424349558e-08,-7.071111707360901e-09,-4.85093457859134e-08,-4.723196655668065e-08,-1.206452888174473e-07,3.0109118485191245e-08,-1.4382138719224047e-08,-2.6659292324363314e-08,3.5939768224871526e-08,7.130135396595112e-09,-1.597013036578119e-08,-1.985618349915731e-08,1.5699175040493495e-08,-3.684162510662583e-08,1.2355115954767185e-07,4.2980921353784636e-08,-1.7693498814991006e-07,1.429513587122322e-07,-3.575086555951572e-08,2.2606589734145276e-08,1.446987429377201e-08,-6.17925054724682e-09,-3.5036766202124e-08,4.2488081457777294e-08,-2.0577390401354017e-08,3.190179689854064e-09,7.115220787141673e-08,8.064813543658136e-09,1.859632887558726e-08,-2.925118091727031e-08,-2.5094864800405213e-08,-1.640430414538893e-08,1.0348739041857288e-08,-1.466381618814947e-08,3.6682963076553736e-08,-8.189297382637609e-08,-3.8993121398381624e-08,-7.29980766482263e-08,-5.4615549024071786e-08,7.506409046073542e-08
7,1.3055281602442167e-08,-2.815642251410998e-08,-3.823301339497244e-08,-1.0466028317040182e-07,-5.940115398861817e-08,2.5344352583999874e-08,1.689714773192107e-07,1.320103701657869e-05,1.0885575539521741e-07,-2.706366884279692e-08,1.1937646285006945e-08,4.214420712280177e-08,-7.346837959360902e-08,-6.165181060582905e-08,-4.034252087104871e-08,3.295240778334319e-08,3.947234333666135e-08,-9.195113350237887e-08,2.0464064472123113e-08,1.4915028268188638e-07,1.597087382482067e-08,8.648299278212261e-08,2.2500869722160363e-09,3.6915915775904825e-08,7.277419179913663e-08,-4.271271282545393e-09,9.80424610486325e-08,6.283630398106523e-08,3.792422849977575e-08,3.383922265449466e-08,-2.200717084676822e-07,-8.324100183338652e-08,-3.091648998380793e-08,-1.73722717261602e-08,-4.519778836663349e-08,-6.779545269568049e-08,8.216867930123165e-08,5.982600798739707e-08,6.808470802716161e-08,3.5794451563301564e-08,7.55713490117798e-08,2.872529234795719e-08,9.331459666506016e-09,6.005971126975749e-08,9.527814736099355e-08,-1.183222862253525e-08,-4.3344010054629023e-08,8.391570599591882e-08,-7.567752576364959e-08,-3.0548924272086487e-07,-9.837071642613695e-08,-5.715320641589969e-09,4.431299520101923e-08,1.2256213113348854e-07,5.1963316286890015e-08,1.2399364639240415e-08,3.2228300236080674e-08,-1.203196036336517e-07,1.37417652229445e-08,-4.8282596356119193e-08,-1.1990008578175175e-08,-1.677853446546254e-07,-2.7099078893917496e-08,-1.8010390898484418e-08,-4.725140141108994e-08,2.11519113989497e-08,1.0839875346700567e-08,-6.264491888752028e-09,-3.6442193419547934e-08,4.6388314625886726e-08,-1.9155024444677553e-08,-3.594582661747278e-08,1.268666590672846e-07,4.1578080457923186e-08,-1.817480314998897e-07,1.4093759459094214e-07,-3.48060468706925e-08,4.8484002893574284e-08,1.2029567456512864e-08,-1.1353642735839348e-07,-2.1683665698908034e-08,1.787613652514845e-08,1.3212225469510526e-08,-5.098043469449207e-08,-3.066884696225729e-08,-2.9668155534031398e-08,-1.9668477672100948e-08,-1.034395631600353e-07,-1.449159338484556e-08,-3.221092339998107e-08,-2.0189106546426685e-08,-5.850356427150091e-08
8,-3.5028358396020536e-08,-2.7916342346464938e-09,1.1388045093225317e-08,-2.305789125089467e-08,-5.068661392681467e-08,-1.2563920665752983e-08,6.049899497356636e-08,1.0885575539521741e-07,1.3195535275084112e-05,-6.814484901787646e-08,-3.287749327383647e-08,5.502002982159492e-08,-2.9996291084587916e-08,-5.943109632508942e-08,1.6610159962073953e-07,-2.1021090919516954e-08,-4.258366242673718e-08,3.482305025715328e-08,3.7214500630044096e-08,1.9665966111474765e-08,1.4976693580357245e-07,7.177664178103124e-08,-4.917203955444881e-09,-3.0480209702146085e-08,-3.809360053359898e-08,4.2425110781800425e-09,4.011465253552715e-08,6.806850887148753e-08,9.62808656529813e-09,-1.8820334913241648e-08,-8.225444018384605e-08,-2.2243988029281282e-07,3.4259839110387864e-08,7.986495902831227e-08,-1.3102169013513042e-08,1.077683368551794e-08,1.266348782222921e-07,-7.568932874354162e-09,-1.1442687389164207e-07,-4.179806787376421e-08,2.7540613644117983e-08,7.297701059694651e-08,-3.784187421557295e-09,1.567287046512777e-08,-5.7936928513712646e-08,1.8212032901311e-08,-2.8672709163520966e-08,5.1140594757187776e-08,-5.911269222049273e-08,-9.859329198294378e-08,-3.038259819780804e-07,-4.916414451579816e-08,1.988515507109768e-08,-2.9136920923920943e-08,-2.242150722326392e-08,5.3879510859977205e-08,-1.257248868768954e-08,1.2639866171649478e-08,-1.1996084363448664e-07,4.980818163485019e-08,2.1026167253671263e-08,-2.4113440592918027e-08,-5.981816408602081e-08,-4.6600108760359694e-08,2.1253940661778673e-08,-4.652447837029147e-08,2.6122626106030987e-09,7.258539890892474e-08,1.1073241662639329e-08,2.0570689499537243e-08,-2.8090058754009874e-08,1.2460210368060829e-08,5.1208549258260105e-08,1.59029380771694e-08,-1.1344682252399471e-07,-2.137979055436159e-08,1.9852023474997712e-08,1.2730665551433152e-07,4.0191885443018765e-08,-1.7774101066998042e-07,1.423058336848988e-07,-3.518012272904816e-08,-8.243672922883403e-09,-3.574334082107933e-08,-3.927666359708273e-11,4.295842071549513e-08,-2.3525547234427214e-08,-6.353587196546357e-08,2.346300197280986e-08,-2.6107730849524655e-08,-5.592306688564773e-08,-5.596228524391918e-08
9,1.3329678569175738e-07,-8.372626913615401e-09,-1.2665082497280954e-07,1.9759210117284628e-08,-7.734984399258616e-08,-6.858152819246087e-08,-9.397430235586329e-09,-2.706366884279692e-08,-6.814484901787646e-08,1.319090843695612e-05,4.683091576020339e-08,-2.1300325979981597e-08,1.3773779565516257e-08,1.2574214883954657e-10,-2.525467102172975e-08,-2.5077061563664543e-08,5.699381648748322e-09,4.0496772590360645e-08,4.7367193191833397e-08,8.539504267671111e-08,7.304153609604014e-08,1.4992984893037212e-07,-1.9275255956346567e-08,2.98264687364519e-08,6.3720497994326435e-09,-5.268471980269172e-09,-3.4988745111788495e-08,1.931060091192154e-08,8.38301817891468e-08,6.299017945256867e-09,-3.031293324211457e-08,3.7117647518689696e-08,-2.2122384558354174e-07,-4.5217848842799284e-08,3.155916644654434e-08,7.199611675435501e-08,-4.163547381797622e-08,2.2683035096947397e-08,-6.78732660886936e-08,3.811294066600548e-08,8.792922527313762e-09,-2.972820312324653e-09,7.285271279189943e-08,2.5444425201094108e-08,1.8920174222694765e-08,6.860473263042324e-08,-7.752648565473033e-09,3.362059873595089e-09,-6.062714564140724e-09,-4.2510992864647805e-09,-4.883609155680831e-08,-2.977156285980067e-07,-1.9946480264705655e-09,-9.548898781938025e-08,2.874414673327453e-08,-1.7888951716489755e-08,-2.9075827787681282e-08,-4.823705156740437e-08,4.9368915564557716e-08,-1.235197907994187e-07,2.408664581043239e-08,-3.651667184578871e-08,-5.959737716242142e-08,-6.320266045363831e-09,1.2810091740674022e-08,4.524456840616578e-09,-5.076400511079965e-08,-2.289983789382043e-08,-1.6950622277508507e-08,8.22364525209468e-09,-1.543246166195469e-08,4.851950900606721e-08,1.8094704712601393e-08,1.2996716001714305e-08,-5.399423139778489e-08,-2.9506238568804597e-08,-2.9934488339803405e-08,-3.7489616751835216e-08,-8.852960111352184e-09,-3.696654125694861e-08,-7.941663508138162e-10,4.2816314802079564e-08,4.3517288819649124e-08,-1.7349647942983364e-07,1.3938168822687608e-07,-3.348443043296062e-08,-1.9318461796194595e-08,-7.300390630300948e-08,5.779905076436708e-08,5.0910186816026e-08,-2.9693815227287707e-08,4.504744142788378e-08
10,5.57286282576785e-08,6.252769542360039e-08,-8.790454821600715e-08,1.2062072258414635e-07,-9.151229266158291e-08,-1.0449519543315928e-07,-6.684734545899921e-08,1.1937646285006945e-08,-3.287749327383647e-08,4.683091576020339e-08,1.3198128226018897e-05,-1.8397308278243333e-08,4.619722973910536e-09,7.617379210002877e-09,-1.944815632079623e-08,1.5620117958644604e-08,-9.709119410716994e-08,-2.6100647943817946e-08,2.77610929501995e-08,2.1840288447147402e-09,-4.714643676128658e-09,-1.707525751534918e-08,1.5026927107529965e-07,5.891860232300359e-08,1.1522528285028083e-07,5.180658957201474e-08,-1.2595190509497096e-07,-1.2159810418702036e-08,4.030898944436354e-08,3.359141183837565e-08,-1.901881245252817e-08,8.140137825846723e-08,-4.902265848217631e-08,-2.250137033367944e-07,6.616347269341206e-08,-3.645472539170909e-08,-5.126118237446914e-08,-9.875070972978605e-08,-1.0474943785983916e-07,-9.953427627188576e-08,5.960639699642865e-08,1.2465731973386466e-08,2.7198267137654493e-08,8.050958305475555e-08,-6.168313404281638e-08,8.926762965833932e-08,1.0120381179826727e-08,7.471600415991439e-08,2.9078749766199344e-08,4.287729389029785e-08,1.804968918309018e-08,-8.085512055181555e-10,-3.054866839122939e-07,3.302494243423101e-08,-7.491670522233983e-08,-4.623618817503221e-09,3.593277331793162e-08,-1.6946877655009344e-08,2.2158125208066446e-08,1.731552739023806e-08,-1.2834487728023514e-07,8.612969114787836e-08,-1.1116289702699339e-07,-2.771552635143193e-08,-8.166855902412734e-09,7.190950423896589e-08,-2.4551566870485603e-08,-4.996204478370635e-08,3.956026139948214e-08,-8.060530032929994e-08,-4.0216222812896996e-08,1.3097435253877234e-08,1.3428977110983486e-08,1.7409226185580118e-08,-2.0512726701909223e-08,-9.773080552129745e-08,-1.629079066065177e-08,-8.978175606342134e-09,-3.889575257663083e-08,-2.1005434425704093e-08,-6.466525630593372e-08,2.393147577642802e-08,1.2404163982958273e-07,-1.9745127865209033e-08,-7.404014886359451e-08,5.9484098782433036e-08,-1.8243221473902916e-07,1.4941736445415677e-07,-3.059994610692553e-08,-2.0165112483091098e-08,8.049102239985344e-09,4.182792181174588e-09
11,-1.8401448404604956e-07,-7.45080007690852e-08,1.5056252706773983e-08,-1.0805560968980288e-07,-3.501396267294598e-08,-4.1606946587128536e-08,9.601981484698313e-09,4.214420712280177e-08,5.502002982159492e-08,-2.1300325979981597e-08,-1.8397308278243333e-08,1.3213250166252458e-05,-2.2096535254853338e-08,2.8018692786554466e-08,-7.731589822438881e-08,-3.07914671742799e-08,1.422686138440025e-08,2.710972439709253e-08,1.670919848662738e-09,3.612543447375586e-08,-3.181755223588892e-08,3.12627580461537e-08,6.4025520410347e-08,1.5069344107151877e-07,-1.3631653575475206e-08,2.0077387064465133e-08,1.7066111394657328e-07,1.0390334219121894e-08,4.81800338906794e-08,-5.197931979289855e-08,-4.1096147187451756e-08,-1.233441415362651e-08,2.97677412380522e-08,7.123975334530281e-08,-2.2260939146376948e-07,2.2461461949138573e-08,5.384894615093396e-08,1.633193531264708e-07,1.7730198241911187e-07,1.9978527768389943e-08,9.622905667243858e-08,-6.109400322253807e-08,2.1291205124459965e-08,-5.5790267848336e-08,6.567445263701668e-08,5.0246033172363614e-08,-3.271359271910907e-08,3.452983953929418e-07,-6.176900425497045e-09,1.225601337202978e-07,-3.548770975389948e-08,-9.469458373359943e-08,3.14142176164404e-08,-3.118626691105718e-07,1.6280341870931848e-07,-2.031252294869471e-08,1.0132982504481203e-08,-1.655836763350475e-07,-2.119561573743334e-08,-3.528003812388647e-08,8.648915331330931e-08,-1.291899898522335e-07,-1.446946855432144e-07,3.296385636367963e-08,-3.527025579378352e-08,8.366399311702846e-09,-1.8903347198815436e-08,3.582888090020836e-08,-4.5268129058473176e-08,-7.70688291135986e-08,-5.4391146839253195e-08,-1.1488113069232605e-07,-5.46655275976378e-08,-1.9255445537929408e-08,1.3482492359947443e-08,-3.689254910263639e-08,-2.1648697604887337e-08,-3.64580711890887e-08,-2.4142043096298487e-08,-3.602154589200535e-08,-2.6074683001820282e-08,-5.6576822838882274e-08,-2.2634959010174008e-08,1.273183190537619e-07,5.1160300496476145e-08,-3.3975693421141086e-08,4.089424326986568e-08,-2.1572462411681284e-08,6.765778099716309e-09,1.4166724622865645e-07,-3.901914205884771e-08,-2.0997432335462177e-09
12,1.5669564254692381e-07,1.3472616346135393e-08,-1.1580606281098905e-07,1.3439280218637094e-07,-2.710280395833833e-07,-8.913590334280283e-08,-2.5096924022922163e-08,-7.346837959360902e-08,-2.9996291084587916e-08,1.3773779565516257e-08,4.619722973910536e-09,-2.2096535254853338e-08,1.3208052453454167e-05,5.294168663926627e-08,5.914800487547159e-08,-3.821351117832148e-08,-5.327344974519895e-08,2.6174446004092036e-08,4.543523862285198e-08,7.404093057951773e-08,-3.806116884658963e-08,6.216220558203508e-09,1.1218989157639575e-07,-1.2658176603030934e-08,1.517291324114493e-07,2.2646451355374792e-08,-1.771403482198337e-08,3.386526588196058e-08,1.3129894607448094e-07,-1.697349676752791e-08,-6.613327630734816e-08,1.1437457875181055e-08,6.936290041549308e-08,-3.766110743656903e-08,2.1965116097074342e-08,-2.2232354534199417e-07,2.454016206266341e-08,-1.4124183403105286e-07,-1.229774649857348e-07,7.004328130627691e-08,-1.3352884003603177e-08,1.8425645399063653e-08,6.970405086219487e-08,9.033601848180411e-08,4.689914282682825e-08,8.132052119287749e-08,-1.1175834244890522e-09,6.433652614645679e-08,-4.772095134597865e-08,5.0335735582232554e-08,-2.1164722156750953e-08,2.8815317230047444e-08,-7.298731628684313e-08,1.666379622133902e-07,-3.079725230370741e-07,3.019781194551385e-08,-1.4878948159241313e-08,-2.7663390098133935e-08,-5.944742246720079e-08,-5.989383135334174e-08,-1.1014511668144042e-07,-1.3732128906050865e-07,-1.2779950919704968e-07,3.924767509661717e-08,4.412403856543299e-08,2.094368343859633e-08,7.221306627952729e-09,-8.08357930333591e-08,-7.253218857023444e-08,-4.4094111904344225e-08,7.705313247818203e-08,-1.757518152808371e-08,-3.162419204477002e-08,-9.986736380786578e-08,-3.01650442971262e-08,1.3486254317184354e-08,-5.6777800294815584e-08,1.4629612725971577e-09,-6.388424209845527e-08,-2.6282118454675637e-08,-3.765860845821851e-08,-5.61944705239145e-08,-7.618148999431411e-08,5.182561449265869e-08,1.2448664854559628e-07,4.448288224601351e-08,-2.1134685362502936e-08,4.991549208156983e-08,3.4543240029321366e-09,-1.8183760980304129e-07,3.276458352805951e-09,-3.7469431952733743e-08
13,-3.508089352253786e-08,1.8960787455391434e-08,7.044161833613058e-08,-3.7610741136299286e-08,1.3536131687080868e-08,3.123045668122623e-08,6.077312641892655e-08,-6.165181060582905e-08,-5.943109632508942e-08,1.2574214883954657e-10,7.617379210002877e-09,2.8018692786554466e-08,5.294168663926627e-08,1.3189743278070704e-05,-9.786605891587993e-08,-1.1483929144438633e-08,-4.6506855218955e-08,9.317536917803598e-09,6.088461744659847e-08,-4.244859204711961e-09,2.2201423629738486e-09,-4.211540635401743e-09,4.7686490753386015e-08,1.7233702616088036e-08,2.1583552383238336e-08,1.4788775809972326e-07,2.3565547982507065e-08,-2.729403212462306e-08,-1.2204674699699389e-08,1.6858923467416657e-08,8.28585631853407e-08,1.2639340716595615e-07,-4.2341044273701785e-08,-5.13134630533752e-08,5.2541552179952736e-08,2.532663576356256e-08,-2.198704175862803e-07,1.4442378473005888e-08,4.412585116515743e-09,-7.40922912245646e-09,-4.493743167265905e-08,-2.97624965130332e-08,-7.40589514363564e-09,8.404299691597024e-09,-3.268333730784287e-08,-2.262641942090594e-09,7.357944880966664e-08,5.041924991490413e-09,-4.557318661212777e-08,1.2407530993217637e-08,5.370300963385006e-08,-1.825132522618543e-08,-5.677277063658898e-09,-2.0552113136825153e-08,2.8067767125903628e-08,-2.9935499544814767e-07,-2.0994840944755293e-08,-1.5954244291483304e-08,-4.670934400947132e-08,-7.160436949939736e-09,-2.81985163998563e-08,3.306674883944424e-08,3.8233066397529824e-08,-1.213241976336422e-07,-1.803973255513832e-08,-2.809576907976147e-08,-1.4645874459775607e-08,-4.049541308461851e-08,-5.5441784167543195e-08,7.519970049996523e-08,-4.623697532177358e-08,2.0758329755522123e-08,-2.9552692981094027e-08,-1.6321288123320367e-08,-1.7410125590323752e-08,-5.536015424039463e-08,1.6229727916930972e-08,4.1555646510573056e-08,2.428448264812053e-08,-5.442562562595096e-08,-5.605004601791757e-08,-3.624530712998009e-08,6.061141155294838e-08,-3.042469227412934e-08,4.5849825408413536e-08,1.2494472509428657e-07,8.954876870955196e-09,3.093149269115822e-09,3.993378843912197e-08,-6.000467722531057e-10,-1.7353646076219577e-07,1.4460290060909498e-07
1 2,-1.3997517210769058e-08,-2.1525836204094448e-07,1.5030871823759789e-07,-8.075065802015434e-08,-1.6766149310775367e-08,-4.164344263221718e-08,5.122508837869075e-09,-4.034252087104871e-08,1.6610159962073953e-07,-2.525467102172975e-08,-1.944815632079623e-08,-7.731589822438881e-08,5.914800487547159e-08,-9.786605891587993e-08,1.3192581148612462e-05,-2.3604720555427414e-07,1.2198435149087266e-07,9.143952205468048e-08,1.643144034769339e-08,-3.634179469200699e-08,1.492695875007893e-08,-1.2285131396651755e-07,-7.709995653870732e-08,6.975157797418678e-09,-1.0255911660794867e-07,7.207022590992817e-08,2.8257034768694345e-09,-1.0390025637293583e-07,-2.0950241598515383e-08,-3.409437111269837e-08,-3.1428366885290646e-08,-3.7223733432809364e-09,-7.482125740971577e-09,5.66777183416509e-08,-6.849853962242339e-08,8.724976404384156e-09,1.9862381883276112e-08,-1.2546881714968935e-07,-8.153131316677093e-08,4.640616631549541e-08,7.221150794223618e-08,-9.36686583733349e-08,-1.025983151453043e-08,4.160270285977687e-08,1.7095280108732265e-08,-1.614826927571397e-08,-2.8157505414334227e-08,-8.851352766054635e-08,-2.6448213901791842e-08,2.481307725652362e-08,-2.690046846579643e-08,1.0590346252916857e-08,1.2242997232562956e-08,6.157641145578178e-08,-3.766809245199925e-08,2.897143720813253e-08,7.065871647980539e-08,-6.586428537458054e-08,6.504546046090954e-08,2.1236793376429254e-08,1.0061842751788138e-08,8.75758979884072e-08,4.501050931578495e-08,-2.8516922883959436e-08,8.037526498185958e-09,1.1744059110431343e-08,-1.0584698245417604e-08,2.6212219723238246e-09,5.2209767842910985e-08,7.080741867274217e-08,-5.805483156368696e-09,-6.843388469409998e-08,3.248037368371272e-08,3.0614953393849556e-08,5.432306360404734e-08,-5.597525456940034e-08,2.398912452330358e-10,5.312460131431336e-08,1.3998911578431428e-08,-7.001448273566313e-08,7.635437580275484e-08,-5.0053160961397837e-08,-7.262457497581461e-08,-3.176381780491117e-09,2.869555440115012e-09,-1.582941595216127e-08,-5.2764027198509226e-08,-2.853575273960173e-08,3.865337938179974e-08,-9.312765832760562e-08,5.91888788168272e-08,-1.8688950027975454e-08
1 3,7.466463744275424e-09,7.116778377253493e-08,-8.176679851457878e-08,1.523828371292689e-07,-4.419049249871477e-10,9.422187152409588e-09,-4.1879113407529164e-08,3.295240778334319e-08,-2.1021090919516954e-08,-2.5077061563664543e-08,1.5620117958644604e-08,-3.07914671742799e-08,-3.821351117832148e-08,-1.1483929144438633e-08,-2.3604720555427414e-07,1.3185381423157193e-05,1.457731005357051e-08,-1.3774358500831463e-07,7.536255796777394e-10,-9.424677313480013e-08,-2.7289435019958442e-08,1.963431202893561e-08,1.0173069484236942e-07,-9.878029505745393e-08,1.209962087341367e-07,-3.76160877820151e-08,-1.164736056230845e-08,-1.209664090035138e-07,-7.809003649395575e-08,4.879037973664375e-08,7.224357842449799e-08,-9.504090422867136e-08,-1.0149834735277878e-08,3.782532908907905e-08,1.615849872609321e-08,-1.915570699810643e-08,-2.63622588484795e-08,-1.0688934824129661e-07,-2.3708905858266358e-08,-3.254633646994299e-08,-2.7546981020934044e-08,4.635989084814964e-09,-8.458504544530167e-09,5.2382639744606514e-08,-7.728323922917817e-08,1.2186907468802664e-08,1.4371023720129592e-08,8.731141292633224e-08,-2.697142011564422e-08,2.7672875674518907e-08,5.4501919374429906e-08,-4.044946542149763e-08,-1.4129501685105471e-08,5.6289637821375806e-08,-4.051807205514315e-09,-8.03181124107747e-08,1.753761768769029e-08,-1.631681088794142e-08,-7.115146134518857e-09,-2.2681073785230796e-08,2.296676642291364e-08,1.75843712178154e-08,-1.0025983703081452e-07,4.5115283329393266e-09,-3.356067046701815e-09,-2.8248234293721682e-08,7.134066212936213e-10,9.829770274398825e-08,-1.7441104288779344e-08,-4.5261040419898065e-08,1.9516885205736228e-08,1.4456768073047874e-08,-6.608414757540269e-08,5.215746954975186e-08,-2.940370655350007e-08,7.548395688130527e-08,7.669781427877395e-08,-6.220315759624291e-08,4.404845822780539e-09,3.058165624030256e-08,2.0540204020180262e-08,-3.682389347292464e-08,-3.3030156310921504e-08,-1.4942899223685987e-08,2.8827293648324174e-08,2.2821843862896634e-08,-1.0110292579292713e-08,-8.70061682873212e-09,7.454659983864928e-09,-7.65238242375784e-08,-5.567851087286545e-08,1.1391063993848099e-08
1 4,-1.1016344938846362e-07,-3.0202336191647024e-07,-1.646400164579284e-08,6.673664994700445e-10,1.5643095793371487e-07,5.418490855652187e-08,-6.0951809167178826e-09,3.947234333666135e-08,-4.258366242673718e-08,5.699381648748322e-09,-9.709119410716994e-08,1.422686138440025e-08,-5.327344974519895e-08,-4.6506855218955e-08,1.2198435149087266e-07,1.457731005357051e-08,1.3191102214152057e-05,3.294759023906738e-08,-2.4823682068366993e-08,-5.247165874262956e-08,-3.988285862863014e-08,-7.514255993109652e-08,-8.316390815044924e-08,-3.956963806692741e-08,-2.557253519583017e-07,8.58422444453822e-09,-1.1961844828113878e-07,-9.960228697333464e-09,-8.552396901993833e-08,-2.5389420237300947e-08,2.762451759868489e-08,-2.8354116765837965e-08,1.1040282414296163e-08,1.2738244568774344e-08,6.139585054470571e-08,-3.7122146168612853e-08,3.019624087967215e-08,5.851468604714731e-09,8.823828490752719e-08,-2.6922287960803888e-08,2.6964240556640403e-08,5.5005120105742846e-08,-4.141372241540705e-08,-1.48232095968792e-08,5.763129781080122e-08,-5.050692030729855e-09,-8.181449265716554e-08,-3.1341496336551034e-08,-2.893420605874305e-08,-2.96270172102257e-08,2.967306865236594e-09,-7.277418463724943e-09,6.161463828011492e-08,-7.159528968722434e-08,1.4236205660794692e-08,1.977957667852783e-08,1.4506981416609867e-08,1.048740983670876e-07,-5.020738334279816e-08,7.240705013333887e-08,3.327318531568229e-08,-1.876110417609401e-08,2.3292453019209764e-08,1.0315168326414911e-07,4.586876879297515e-08,-3.1555810953655675e-08,-5.003655378298091e-08,-5.460105179363689e-08,-5.974750996017625e-08,1.2802488085179668e-08,2.763366256461365e-08,3.867986113022183e-08,4.0121571048773546e-08,-7.19275447990559e-09,-3.515909886876512e-08,-1.0475765140617037e-08,2.0549542418517346e-08,-1.8785638990939773e-08,-3.098379304780943e-08,-3.959897898341313e-08,5.281273982336306e-09,-9.879926570668524e-08,6.990113777518438e-08,1.2439539407052049e-08,-2.913806398526869e-08,4.038005476755106e-09,-2.5648121799783512e-08,-5.696964869607806e-08,-2.2888792863156958e-09,5.2872588497313346e-08,-3.891488806997801e-09,-7.004527676887117e-08
1 5,-2.7854477792113732e-08,-1.2139214683946985e-07,-4.2158154845591015e-08,5.103333338408188e-09,5.524468267043249e-08,1.5310055764233692e-07,-2.139303802185463e-08,-9.195113350237887e-08,3.482305025715328e-08,4.0496772590360645e-08,-2.6100647943817946e-08,2.710972439709253e-08,2.6174446004092036e-08,9.317536917803598e-09,9.143952205468048e-08,-1.3774358500831463e-07,3.294759023906738e-08,1.3181576658434762e-05,1.551191119005451e-08,1.875675457503821e-08,-8.373035091495572e-09,-6.166280977779775e-08,-9.341799764244715e-08,-3.1699899411296816e-08,-8.387465075125066e-08,2.6783059797350674e-08,-7.724196835013662e-08,-8.625424375036642e-08,-1.008347647394951e-08,7.052007115536049e-08,-6.809056068733348e-08,6.67906546205578e-08,2.3116990310427617e-08,1.4186162786208111e-08,8.838627424800452e-08,4.862212482263199e-08,-2.7906754393241627e-08,8.568004068503125e-08,7.832519543597408e-09,1.6633200239984238e-08,-1.633271491825438e-08,-9.4825981899848e-09,-2.1345267551154554e-08,2.426070892269352e-08,1.4695247586869479e-08,-1.0277341328030727e-07,4.4917845187637995e-09,-1.1222724522235613e-07,1.4354076631239566e-08,1.064107548292808e-07,-5.0827947306967344e-08,7.248860182152482e-08,3.45250732163409e-08,-1.580920173224839e-08,2.2987240019312093e-08,1.0413645126542071e-07,-3.146982092083786e-08,-2.598667160234707e-08,7.367913070537563e-10,-8.046967078604469e-09,5.495697613708437e-08,-7.16332572604053e-08,1.3928535412028183e-08,1.4239025191409786e-08,-7.960765179924398e-08,-1.1324176683719239e-08,1.4455270885157448e-08,1.4800447012160338e-08,3.539326759185155e-08,-8.411764590457403e-09,4.8198409256484906e-08,5.195279383170694e-08,-1.2178583740515974e-08,-1.1752174114988882e-08,2.6176146857525193e-08,-4.109529840279924e-08,-8.585294570015213e-10,7.204362108771376e-08,2.228284305995617e-08,-1.7223340821829198e-08,1.7949997349535184e-08,1.2057695600637993e-08,5.654696610951631e-08,-6.233475120297696e-08,-9.082831668269203e-08,5.16532379382517e-08,5.8103954825115e-09,-3.6019892876467064e-08,-1.8482348567766603e-08,1.512356909404904e-08,1.5621066721549935e-08,5.092881834299528e-09
