,1,1,2,3,4,5,6,7,8,9,10,11,12,13
1,0.00039940238391723604,-5.435018124917836e-05,-5.8243133119233584e-05,-5.2929210766960784e-05,-5.942711182500576e-05,-6.0294986542673545e-05,-5.6232985884127414e-05,-5.584931619726279e-05,-5.742573944525232e-05,-5.388157881852687e-05,-5.473650457423084e-05,-5.940490734451792e-05,-5.429395283492285e-05,-5.546043259083195e-05
1,-5.435018124917836e-05,0.00011332849138651748,-7.066360555442218e-07,1.0257365499629491e-07,-1.1661291903121682e-06,7.579532634143999e-08,4.660219192780399e-07,3.534726945602249e-07,2.436227308755332e-07,1.891486126252446e-07,1.8602593762987716e-07,-9.123211333203223e-07,-7.131587285341283e-07,-5.072950709018561e-07
2,-5.8243133119233584e-05,-7.066360555442218e-07,0.00011390673240639292,-4.792700876739131e-06,3.358612192125024e-06,3.129521785262241e-06,4.583242220251881e-08,-1.5391233247586985e-07,-5.757880746850302e-07,-1.7560673435609516e-06,-1.466306248515479e-06,9.311261714510225e-07,-1.0501643827797985e-06,7.994497374394875e-08
3,-5.2929210766960784e-05,1.0257365499629491e-07,-4.792700876739131e-06,0.0001136143230574194,-1.744564908737532e-06,-2.767979651894912e-06,-5.956846564017921e-07,-1.0240422580970556e-06,8.35889415370292e-07,1.431200070191715e-06,6.16115347496564e-07,-9.947191778353271e-07,1.8974852219678312e-06,-2.9172188647057506e-07
4,-5.942711182500576e-05,-1.1661291903121682e-06,3.358612192125024e-06,-1.744564908737532e-06,0.00011424210405636644,1.9886664495094122e-06,-1.2201110709798523e-07,-2.078343672633652e-06,-1.4380551486551683e-06,-6.616941177937179e-07,-7.809661325462689e-07,1.29402733056077e-06,-2.68760843434831e-06,-5.899085752464409e-07
5,-6.0294986542673545e-05,7.579532634143999e-08,3.129521785262241e-06,-2.767979651894912e-06,1.9886664495094122e-06,0.0001138632473620988,-5.01573950176402e-07,-1.8754043915331376e-07,9.176362713441626e-08,-1.1141996821690746e-07,-8.892597904901579e-07,1.885827077859017e-07,-1.4701395278682082e-06,6.46424542259091e-08
6,-5.6232985884127414e-05,4.660219192780399e-07,4.583242220251881e-08,-5.956846564017921e-07,-1.2201110709798523e-07,-5.01573950176402e-07,0.0001132757151842394,2.7769394324464265e-07,-1.2330259583802845e-07,-8.822497843763015e-07,-4.4196051238450775e-09,-1.4027199136278826e-07,7.025122163308942e-07,1.0799753732527976e-07
7,-5.584931619726279e-05,3.534726945602249e-07,-1.5391233247586985e-07,-1.0240422580970556e-06,-2.078343672633652e-06,-1.8754043915331376e-07,2.7769394324464265e-07,0.00011337731817564052,2.4964450527489117e-06,-4.2604252885137916e-07,-2.5595302788121976e-07,-4.5255379666164e-07,-1.9490814393184133e-07,-7.580100052140756e-07
8,-5.742573944525232e-05,2.436227308755332e-07,-5.757880746850302e-07,8.35889415370292e-07,-1.4380551486551683e-06,9.176362713441626e-08,-1.2330259583802845e-07,2.4964450527489117e-06,0.00011336133758099671,-3.6541615954926343e-07,8.377484152272422e-07,-8.271896298397756e-08,8.245429110462346e-07,2.3437692003754396e-08
9,-5.388157881852687e-05,1.891486126252446e-07,-1.7560673435609516e-06,1.431200070191715e-06,-6.616941177937179e-07,-1.1141996821690746e-07,-8.822497843763015e-07,-4.2604252885137916e-07,-3.6541615954926343e-07,0.00011335691533119955,-5.953894494439073e-08,1.1496684756755619e-08,-3.696248511912647e-08,-6.399646878993545e-07
10,-5.473650457423084e-05,1.8602593762987716e-07,-1.466306248515479e-06,6.16115347496564e-07,-7.809661325462689e-07,-8.892597904901579e-07,-4.4196051238450775e-09,-2.5595302788121976e-07,8.377484152272422e-07,-5.953894494439073e-08,0.00011335102422476144,1.167814287645289e-06,-5.040136164102299e-07,-5.058989117101572e-07
11,-5.940490734451792e-05,-9.123211333203223e-07,9.311261714510225e-07,-9.947191778353271e-07,1.29402733056077e-06,1.885827077859017e-07,-1.4027199136278826e-07,-4.5255379666164e-07,-8.271896298397756e-08,1.1496684756755619e-08,1.167814287645289e-06,0.00011351766830564069,-6.807589843800186e-07,-3.809452336876185e-08
12,-5.429395283492285e-05,-7.131587285341283e-07,-1.0501643827797985e-06,1.8974852219678312e-06,-2.68760843434831e-06,-1.4701395278682082e-06,7.025122163308942e-07,-1.9490814393184133e-07,8.245429110462346e-07,-3.696248511912647e-08,-5.040136164102299e-07,-6.807589843800186e-07,0.00011341183373308523,6.88413080924835e-07
13,-5.546043259083195e-05,-5.072950709018561e-07,7.994497374394875e-08,-2.9172188647057506e-07,-5.899085752464409e-07,6.46424542259091e-08,1.0799753732527976e-07,-7.580100052140756e-07,2.3437692003754396e-08,-6.399646878993545e-07,-5.058989117101572e-07,-3.809452336876185e-08,6.88413080924835e-07,0.00011327750002267277
