,1,1,2,3,4,5,6,7,8,9,10,11,12,13,1 2,1 3,1 4,1 5,1 6,1 7,1 8,1 9,1 10,1 11,1 12,1 13,2 3,2 4,2 5,2 6,2 7,2 8,2 9,2 10,2 11,2 12,2 13,3 4,3 5,3 6,3 7,3 8,3 9,3 10,3 11,3 12,3 13,4 5,4 6,4 7,4 8,4 9,4 10,4 11,4 12,4 13,5 6,5 7,5 8,5 9,5 10,5 11,5 12,5 13,6 7,6 8,6 9,6 10,6 11,6 12,6 13,7 8,7 9,7 10,7 11,7 12,7 13,8 9,8 10,8 11,8 12,8 13,9 10,9 11,9 12,9 13,10 11,10 12,10 13,11 12,11 13,12 13
1,0.0018538943535359978,-0.0005042400067151953,-0.0005341090064059227,-0.00048020950875273514,-0.0005190020339491378,-0.0005249827642470367,-0.0005203041867926818,-0.0005158457410915658,-0.0005391768106600505,-0.0005099449768273942,-0.0005147042118173076,-0.0005532016388675802,-0.0005162054858543157,-0.000513191003354928,8.065501223281711e-05,6.822764535731714e-05,7.935690520118005e-05,7.659020801331238e-05,7.281882232506993e-05,7.918867035945931e-05,7.730621465231131e-05,7.444228511126984e-05,7.393361036758824e-05,8.590550745950207e-05,7.551066410640721e-05,7.300128002532399e-05,8.360521717981295e-05,7.841643188195177e-05,7.960996933486792e-05,8.124027427402607e-05,7.999080823938334e-05,8.350082218409404e-05,8.355046380937831e-05,8.201612211429918e-05,9.240784293749167e-05,7.665079886082004e-05,7.940769205599764e-05,6.868270271108018e-05,7.049376670120483e-05,7.187509525458856e-05,6.79304475344701e-05,7.599104680744862e-05,7.69257900010746e-05,7.506399608066814e-05,7.259303921672149e-05,7.062786638275707e-05,7.831365931481944e-05,7.44590502126131e-05,7.998048461565814e-05,7.740629393140885e-05,8.862347269636056e-05,8.377058993616957e-05,8.546434034027673e-05,8.274212223886503e-05,8.156823948710218e-05,8.003023461568672e-05,8.404874488010484e-05,7.899957470649829e-05,8.458501385407699e-05,8.344721655033084e-05,8.04428298173781e-05,8.765908707962905e-05,7.987752526028555e-05,8.49119561178039e-05,8.165335316180026e-05,8.32956528300693e-05,7.444576207446588e-05,7.888071029578083e-05,8.539120856381557e-05,8.090965100708119e-05,7.220220176222844e-05,8.425703086846699e-05,7.453619781873614e-05,7.669278131026474e-05,8.053006406860923e-05,8.217377739939188e-05,7.856618443873591e-05,7.662783848146893e-05,7.56306173961321e-05,8.675272892838984e-05,8.127345495771219e-05,7.700366727576235e-05,7.493563123987472e-05,8.10731002028428e-05,7.151428686490579e-05,7.202440710230648e-05,8.462000478011984e-05,7.385588666821241e-05,7.361642912292964e-05,8.859820900531214e-05,8.530047226405023e-05,7.73190547507837e-05
1,-0.0005042400067151953,0.0010603516120192215,7.560793103132586e-05,6.588433968119884e-05,6.739959139445486e-05,7.243103480475164e-05,7.29490201630064e-05,8.576014105854536e-05,7.827096826001457e-05,7.695252280527129e-05,7.498117138812588e-05,8.295606248360271e-05,7.101836556871566e-05,6.597496757013957e-05,-0.00016639102233504725,-0.00015026786420148394,-0.00017056497416322183,-0.00017121604497844455,-0.00015897957067838076,-0.00015785798326050304,-0.00016267575672377775,-0.00015252814609744642,-0.00015517131941773625,-0.00017005658123585404,-0.0001552365883413865,-0.00015817295668391388,-4.888268872969393e-07,1.813914859735963e-06,4.9372250042901355e-06,3.918670404958029e-06,3.590730096096889e-07,-1.3378607153356794e-06,-3.5107500983765785e-06,1.4609321847498104e-06,-2.0200706831145066e-06,3.4401520846769554e-06,1.9031978571314045e-06,3.9869019336861975e-06,1.3438607076235762e-07,2.040176727988246e-06,-1.8789472388394081e-06,1.9537535561423662e-06,4.060196322731561e-07,3.7714561381032547e-06,2.3997215778302906e-07,4.21428629213501e-06,1.2215841810137482e-06,3.6363268397722013e-06,2.2602766679328322e-06,1.930674744821374e-06,3.275954280807356e-06,-9.956504912148329e-07,1.8296152439744194e-06,3.0266723591856357e-06,2.5678120692481733e-06,2.788118615536242e-06,2.5504629579334203e-06,-3.729084345224125e-08,4.321252927794965e-06,1.7560220185004182e-06,-7.455002664357642e-07,6.108820082139945e-07,1.3784081328133484e-06,4.240833063634181e-06,2.8483283144979783e-07,3.3592194604099245e-07,-2.187642895458838e-07,-2.2550340120949576e-06,1.7163214441230009e-06,-3.0785035677550844e-07,-4.942094115891344e-07,-6.2145021472545485e-06,2.3915535589588557e-06,-1.9953610152087993e-06,-3.009728737144962e-06,-3.924712516842059e-06,1.3834702289381972e-06,-2.8031096811729927e-06,4.685122345494932e-07,4.708388642357768e-07,1.7048298531475838e-06,1.963492719620729e-06,-1.0936036351313964e-06,-5.071078198973085e-07,-8.481780121488151e-07,1.90447709980033e-06,-2.573216052134754e-06,2.233345326391532e-06,1.6816083135679418e-06,-1.230706820106783e-06,2.9828564470966947e-06,-2.663883411458231e-07
2,-0.0005341090064059227,7.560793103132586e-05,0.001052701265170419,4.694507042771713e-05,0.00010022722287549108,9.921733974989771e-05,8.040418961062046e-05,7.663900636943178e-05,7.807228715941548e-05,7.331209688674512e-05,7.27134612227914e-05,0.00010609943494083694,6.481749761993532e-05,7.869591041047761e-05,-0.00015601683198705185,6.36004745132458e-06,-4.748680909874203e-06,4.858301594452824e-07,4.770909808693667e-06,1.2769527529665037e-06,-2.19498480840451e-07,-6.383791146940588e-07,3.753373055109413e-06,-4.675951093973668e-06,3.856116041863333e-06,1.0479067621727608e-06,-0.00015583058401996618,-0.00016523657648642652,-0.00016775964872095368,-0.0001598413004781356,-0.00015959856278314628,-0.0001643678807771652,-0.00015534875051104985,-0.00015746262176184994,-0.00016836599320859555,-0.00015572845569730156,-0.00015841904886352374,8.99810482052459e-06,4.75308872774942e-06,4.959929827602076e-06,7.914860523991728e-06,4.25607084555014e-06,6.120692183987266e-07,2.1202819707309398e-06,7.353593295106391e-06,4.140086486240439e-06,6.32274527186552e-06,-8.687443828994574e-06,-2.262068951108039e-06,-3.7447085234508435e-06,-1.628719095372029e-06,1.6852192341509157e-06,-4.87089815473218e-06,-1.0186991592436828e-05,1.6192960762559575e-06,-4.732351624376237e-06,8.120588754140057e-07,9.819478639316659e-07,-2.2814292947551198e-06,-1.955973871965647e-06,-1.1021678049101933e-06,-6.038442494221888e-06,-1.1981383601843707e-06,-5.014313159886366e-06,-2.220765440486512e-06,3.1683426715706593e-07,1.321422744428595e-06,-2.6431143341068844e-06,-6.070983615582852e-06,2.6441946985350432e-06,2.782643946409432e-06,-2.3788488582768264e-06,2.449287660393572e-06,5.203705480616907e-06,-1.4812254255475328e-06,5.083077720273916e-06,6.881037569477285e-07,3.1449668680826345e-06,6.996211401319623e-06,-1.4498428853159491e-06,4.257515179957231e-06,3.980440824554007e-06,2.495473027086849e-07,-1.6123858389282563e-06,3.863140706827259e-06,5.6002161268136146e-06,-6.168973737745613e-07,5.3747809097976245e-06,-3.1771352866684923e-07,-4.389461839692926e-06,-4.666156990833977e-06,3.869082205153235e-06
3,-0.00048020950875273514,6.588433968119884e-05,4.694507042771713e-05,0.0010755545256107993,4.234215792778565e-05,3.5419949372427075e-05,6.319231445277029e-05,5.0327935688251274e-05,8.317645572892475e-05,9.67374127839571e-05,8.437220882916618e-05,5.667575411382339e-05,8.8384584045316e-05,8.061790652484872e-05,4.922921621998591e-06,-0.0001539466103382321,4.507323662590333e-06,3.953727186215554e-06,3.314435745541452e-06,2.5126181950316385e-07,1.3634311949853566e-06,-1.3984359628654043e-06,3.25905547812777e-06,-7.779498034125064e-08,7.037012114746119e-07,1.0347334133826833e-06,-0.00017526842667852911,1.8813700990273892e-05,1.539853815381033e-05,5.745345764033268e-06,9.149950653572676e-06,2.087721282122154e-06,-4.7399144443905555e-06,-1.4352521375097194e-06,1.0783271064246781e-05,-1.4392680561577394e-06,6.866842695133751e-06,-0.00017678684540518318,-0.00017950014614776384,-0.00016141609232029174,-0.00016335645739757858,-0.00016153424375064918,-0.00014951747536658903,-0.00015306739189604153,-0.00017312584680936064,-0.00015028280060641234,-0.0001580908675144133,2.5895049409511647e-05,6.248761005678612e-06,1.6171000358788633e-05,-2.868336068572744e-06,-5.013063488856445e-06,-1.9785532069411805e-06,1.1145826800518928e-05,-3.5626729826812943e-06,6.091882550107521e-07,5.621459539354179e-06,1.5584452212693024e-05,4.392912838619551e-06,-1.1924538750326147e-06,2.897486837094278e-07,1.1538262209459957e-05,-3.466145984050968e-07,7.660556644308766e-07,5.063356850995169e-06,-1.6264838738237133e-07,-1.9794082029655216e-07,-9.849204871128174e-07,8.111099066375762e-06,-2.0067014653130074e-06,3.099249753328213e-06,3.8852807777657795e-06,-2.8443815911419314e-06,-2.529468897248829e-06,9.231290468998464e-06,-2.951647348263071e-06,-1.1989329455419474e-06,-2.1030892877059313e-06,-2.097509101938811e-06,1.8438355716809478e-06,-4.570795218082804e-06,-1.0967294020521497e-06,-1.1936105319463934e-06,-4.4733018754852535e-06,-3.3962993719529133e-06,-9.378267489691008e-06,-1.4804308813213304e-06,-2.662987795339798e-07,-1.498755067999244e-07,2.8691164358760267e-06,2.5702933599508863e-06,-5.197932300055532e-06
4,-0.0005190020339491378,6.739959139445486e-05,0.00010022722287549108,4.234215792778565e-05,0.0010537596501739156,7.747232828660698e-05,7.507555735015815e-05,5.2708357272919695e-05,7.893078688968935e-05,8.120143462017897e-05,8.26501937745688e-05,8.825643305926314e-05,5.819226686985263e-05,7.212619086966759e-05,-4.357588014254427e-06,6.731494521284709e-06,-0.00015691371288750942,9.586978889868755e-07,3.2119389016632896e-06,5.687381484502858e-06,5.924783752625482e-06,-2.4358687684567443e-07,3.4542354832163724e-06,-4.546064561937375e-07,5.2049965638994385e-06,2.6833823358662818e-06,4.2432046608057476e-06,-0.0001619386898700246,-7.046551263726164e-06,-2.10945128749884e-06,-1.0569610931204013e-06,-4.1826053207259587e-07,1.1981723638835455e-07,-5.782801283601634e-06,-1.0414864798214228e-05,4.0420392281215e-06,-3.7376220366047103e-06,-0.0001523422866310108,1.6207434784422098e-05,4.834109745167426e-06,1.6737793147531786e-05,9.666292293152136e-07,-1.5192563775818147e-06,1.6986017385361604e-07,6.822583104235224e-06,4.83068096044756e-06,1.301717732440167e-06,-0.0001707454490720907,-0.00016053534366892487,-0.00016321850820979613,-0.00016662362848933362,-0.00015448533684758023,-0.00015756089383806785,-0.0001682215992272862,-0.00015832522030507918,-0.00015947460922201309,1.3195908918897348e-06,7.883475692067582e-06,8.747717923996516e-07,-4.295828900289163e-06,-3.5839412592629685e-06,1.9292879603235186e-06,6.585944271237288e-06,-6.683351607017957e-07,2.3081734846164546e-06,3.7447172584632424e-06,2.7081151542457066e-06,2.2614270936826895e-06,-1.4143806626909492e-06,-1.6246462370281388e-06,5.561050647834924e-06,2.024315669119434e-06,1.6500345671107897e-07,6.997812283946132e-07,7.3559395852597715e-06,1.166089529191762e-05,5.587939274904097e-06,2.2864425844321098e-06,2.7590343657803696e-06,-2.7890356035552415e-06,5.984380939101774e-06,5.443982911428495e-06,3.360508568076905e-06,-3.779153949773262e-06,2.3875131978699896e-06,4.725633620301719e-06,-5.048440182092334e-06,4.891819202624785e-06,2.702592649117284e-06,1.4531631687570723e-06,2.4250703739755074e-06,2.9411850057054595e-06
5,-0.0005249827642470367,7.243103480475164e-05,9.921733974989771e-05,3.5419949372427075e-05,7.747232828660698e-05,0.0010495036811164716,7.880680207039646e-05,7.103229301374653e-05,8.20547131024826e-05,8.40385191644228e-05,7.019592011612527e-05,8.664872105392147e-05,6.446953827851262e-05,8.689525899941247e-05,-8.229866655241046e-07,4.050269547653354e-06,-1.3353345390846861e-06,-0.00015446091296226076,3.91083248918459e-06,9.429700191481231e-07,4.672734593563449e-06,1.8606618770450898e-06,5.465305437766356e-07,-5.457629589165512e-07,2.3223572724394593e-06,3.5992942370026022e-06,1.7341320846016458e-06,-6.7421001491907914e-06,-0.00016244721281128717,1.3463056013652993e-06,1.2307554000275257e-06,-2.9628186952769412e-06,-4.057105218122143e-06,-1.7019844601128141e-06,-4.797177773721703e-06,-4.4209244827051553e-07,-5.032173101594635e-06,1.8240904870206526e-05,-0.00015287456248797907,5.471220363113966e-06,1.3505480753141768e-05,5.50616408827335e-06,1.0485695531067958e-06,2.944918255770506e-06,9.351371992979207e-06,5.468528932469378e-06,4.024921089470833e-07,-0.00016828200223583745,1.8398786609082243e-06,5.003654504097655e-06,-8.511619845920935e-07,-4.879018993318323e-06,-3.1649036763472346e-06,3.155820937006841e-06,4.830628630492469e-06,-1.6214233880872497e-06,-0.00016090279512937433,-0.00016020363174824823,-0.00016405361953329703,-0.00015360919398734374,-0.00015711445735522466,-0.0001701420882301049,-0.00015628302858512253,-0.00015772109735680292,-2.3359525280245613e-06,-4.4293788378244967e-07,-5.2545508880240415e-06,5.5473939348600026e-06,-1.0615254098527033e-06,3.3195302821542863e-06,8.26004172469061e-07,-4.382868035320839e-06,8.478601677319482e-08,7.061013824195415e-06,3.5235082112476636e-06,-2.2977453601174566e-06,-7.370582646416804e-08,2.4190164353859917e-06,1.676882537939022e-06,2.8928570173528177e-06,4.817513137131825e-06,1.3497557828195666e-07,2.993901477550714e-06,-3.140123028691495e-06,4.4579816361741206e-06,-4.883000638285967e-07,-7.361402197683138e-07,8.731193860537559e-06,2.5685011678881727e-06,1.570936828211954e-06,-4.649655021915575e-06,-1.0151251615563398e-06
6,-0.0005203041867926818,7.29490201630064e-05,8.040418961062046e-05,6.319231445277029e-05,7.507555735015815e-05,7.880680207039646e-05,0.001055620129125782,8.808827749755647e-05,8.427409025242152e-05,6.566392386704588e-05,7.992451394300851e-05,8.58338871640996e-05,9.237424800810791e-05,6.694013969026243e-05,3.4153075838964266e-06,2.866889473470478e-06,7.416524099374808e-07,3.3330109213408493e-06,-0.00015358681826813222,2.7021370402866627e-07,7.918328596322108e-07,1.184575821447196e-06,-1.7691008766314723e-06,4.828039684526659e-07,-2.3140548205806254e-06,-1.231776140242992e-06,-1.1932743601643655e-06,2.9775651172006253e-06,6.096847851864533e-06,-0.00016529361528155517,-2.8710081657221405e-06,-4.936116593648296e-07,2.2355997211307025e-07,-4.554477574766362e-06,-4.715699071005507e-06,5.1448214908235684e-08,2.845028891274704e-06,3.7542134873124792e-06,2.2676669867570067e-06,-0.00015123344357190847,2.546809835859198e-06,1.8981821787707392e-06,3.043273052959349e-06,2.9472870815013306e-07,7.047060188943723e-06,-6.613284323341025e-07,2.7744521560176767e-06,5.103154454855287e-06,-0.00016944398050008032,-1.5258821940070743e-06,2.218224220090461e-06,3.0549221803822323e-06,1.3086265124502756e-06,9.815117300155012e-07,-6.845375289211759e-06,4.31347616090771e-06,-0.0001718325961750659,-3.1800875858462994e-06,-1.6463523298280964e-07,-4.066365289659815e-06,4.3558485162288294e-06,-3.4039814639068034e-07,-4.579583294064748e-07,8.203410761540418e-07,-0.00015834759522075892,-0.00016340549788839592,-0.0001542057357388507,-0.00015542933946050688,-0.00016923754726213926,-0.00015305859752613144,-0.00015744022969131798,-9.662934814634722e-07,1.1540992965597264e-06,-1.754244027061124e-06,-1.5228550271372434e-06,-5.013994573292603e-06,-2.9645348416094887e-06,5.202229615715178e-07,-2.9343365658254984e-06,-3.9356788662278934e-07,-8.024438947305922e-06,2.0639686585584087e-06,-1.2591838935429423e-06,6.4831305507680224e-06,2.6196439547802447e-06,7.167550128980335e-06,-5.047089996630362e-06,-4.096809926610041e-07,8.014736482159834e-06,-4.8991346634674185e-06,-2.4749386578829647e-06,2.2165970802841496e-06
7,-0.0005158457410915658,8.576014105854536e-05,7.663900636943178e-05,5.0327935688251274e-05,5.2708357272919695e-05,7.103229301374653e-05,8.808827749755647e-05,0.0010605219165748167,0.00011140521520200888,7.036900549662802e-05,7.410995343047828e-05,7.406369258860323e-05,8.609809877897936e-05,7.266190250534663e-05,-4.0784396042158804e-07,1.2409616969972577e-07,3.0025110816488127e-06,8.311298957036735e-07,4.298304733402699e-07,-0.00015423179033416168,-9.732384206947601e-06,3.193942699664676e-06,-1.3093664001481948e-06,-3.323916666883031e-06,-4.580008273291832e-06,1.5168961943118555e-06,2.1646545962950176e-06,4.234475533706994e-06,6.183750624642494e-06,-2.6263494466363667e-06,-0.00016645423995116553,-6.9357869000379175e-06,5.157667423307901e-07,3.941330474782875e-06,4.7421023222495845e-07,4.736126949967327e-06,1.751998217703122e-06,1.6635854261127087e-05,1.177049311840332e-05,3.2514343436524865e-06,-0.00015262167833187315,8.143405244164644e-07,-2.735746021643257e-07,-1.2836947027144532e-06,8.388742551112617e-06,2.157798031409596e-07,-9.073989986285417e-07,1.1783649179072885e-05,9.413038842136427e-07,-0.0001731335656990765,-4.388821428550893e-06,-5.403508759484425e-07,-2.1407467179536758e-07,1.0234740624580154e-05,8.359823012441778e-06,5.9704923730818674e-06,-3.662035300932727e-06,-0.0001735745834075748,-8.750342306350106e-06,7.83173734461014e-08,6.615533232159126e-06,4.141454739770219e-06,-3.873367606444622e-06,1.6521264421973786e-06,-0.00015926083223640814,-4.7862252564271e-06,6.217205191626408e-07,-1.4263291446432521e-06,-9.624386340807898e-07,-3.633389023257091e-06,-1.7249067178012132e-06,-0.00015900892358983315,-0.00015301947077369388,-0.00015555483009808567,-0.00017048382523404386,-0.00015495649270523207,-0.00015886771168898835,-1.3896869555635389e-06,-2.3859838857836118e-06,-3.1434643025911065e-06,-9.115175940746776e-06,-3.3096286399734995e-06,8.082436913401905e-07,6.225553344765431e-06,1.3776645228295936e-06,2.9926457510825277e-06,5.70539638831276e-07,-1.2421949606284623e-06,3.731923733289229e-06,-7.091533690620289e-06,3.677692222821462e-06,-4.493695029102956e-07
8,-0.0005391768106600505,7.827096826001457e-05,7.807228715941548e-05,8.317645572892475e-05,7.893078688968935e-05,8.20547131024826e-05,8.427409025242152e-05,0.00011140521520200888,0.0010526053122047099,7.267814593402358e-05,7.95278228518088e-05,8.721357802251239e-05,9.125246644545987e-05,7.425133897569578e-05,-1.4677745176026573e-06,9.124102141934337e-07,3.7547252976878356e-06,4.3589818020559626e-06,1.1759846666202152e-06,-9.357661763421793e-06,-0.0001542896521172834,-1.97000047905818e-06,-3.3142607684780206e-07,-6.697411724059037e-07,-4.304225891674144e-07,1.272885211743839e-06,-3.858876111575413e-06,5.485728469507213e-06,2.1598056632982784e-06,6.793856805152906e-07,-6.6203916719691574e-06,-0.0001665656543099542,1.2617793625281458e-06,4.29522525491176e-06,-1.0869115438984247e-07,1.548940786769354e-06,3.8324884376602965e-06,-2.8779859253431643e-06,1.1048672240867835e-06,-4.0688372514638075e-07,-1.5847596594448004e-06,-0.00014880591487079176,3.7246299353237645e-07,-2.3731252885028746e-06,3.8183707992906806e-07,-2.921543995738206e-06,-1.8327989890927462e-06,4.229747383269757e-06,3.913823965973231e-06,-5.316384267367768e-06,-0.00017114383855759878,1.4969406106402275e-06,4.955088351086938e-07,-4.879129632655587e-07,3.07377522071074e-07,4.538910820506284e-06,-9.451760992578193e-07,-8.800353845547203e-06,-0.00017144580304624446,2.7313131502459645e-06,-1.0468538148432269e-06,2.9741916475780514e-06,1.7144578050980657e-06,2.7068298717175787e-07,-4.177199237072629e-06,-0.0001599340022896514,-1.3098547455049246e-07,-3.909855849645253e-06,-2.3711075827181569e-07,-8.33986129873337e-06,1.9425070413769047e-06,-0.0001550148565796689,-1.750504966270924e-06,-4.0917520888240015e-06,-3.7312233995331312e-06,-9.982675430714807e-06,-4.1909900734594875e-06,-0.0001534467465841718,-0.00015438589753868852,-0.00016892375840588605,-0.00015321823094703265,-0.0001576067568598903,2.955110983517723e-07,1.1513997110263364e-06,-1.119935550904825e-07,2.904344839362375e-06,3.9218441395345544e-06,-5.0294821465355714e-06,1.1691727853729224e-06,-5.496356916588559e-06,-2.0963600084008562e-07,1.2447144459634883e-07
9,-0.0005099449768273942,7.695252280527129e-05,7.331209688674512e-05,9.67374127839571e-05,8.120143462017897e-05,8.40385191644228e-05,6.566392386704588e-05,7.036900549662802e-05,7.267814593402358e-05,0.0010627272861299755,7.516690509090673e-05,8.214240970438722e-05,6.90051829498996e-05,6.368912607469545e-05,-2.0606322048393005e-06,-1.3727203923579282e-06,-1.5629833178072288e-06,1.8695370979564961e-06,1.593158956850625e-06,3.3636297194297203e-06,-2.062909567104142e-06,-0.00015384419506858112,-6.511752095128816e-07,-1.7682083188954785e-06,-1.6325468161622572e-06,2.1230016250405624e-06,-8.38905709405536e-06,7.692037629777819e-06,2.9146117105482433e-06,2.7738513666679213e-06,2.83712407318586e-06,3.0490355556635765e-06,-0.00016835809058870558,-1.6701337997280424e-06,-3.0550507155820864e-07,2.702131983268738e-06,6.721383395805505e-06,-6.4971282249598805e-06,-4.8197213935471636e-06,1.2173255870045455e-08,-3.982734641175033e-06,-5.449832898271403e-07,-0.00014762339824248713,1.146570222341915e-07,-5.947103063195345e-06,-5.99952730853533e-07,-8.648316249474005e-06,-1.1665300112063248e-06,3.933248553419107e-06,-2.119036686005299e-06,5.023034818101512e-07,-0.00017015662598892704,2.818030323239867e-06,-2.215867759028109e-06,-1.3310094447682555e-06,4.944673652364424e-06,-4.821794622967097e-06,3.193586764682944e-07,3.293672823234062e-06,-0.00017141143917160547,1.6063423744114854e-06,-3.3187535518907183e-06,2.924245997786272e-06,5.540756572237122e-07,2.2428956600485694e-06,8.365667257846293e-07,-0.00016101703358643892,-1.0190577441105335e-06,6.151149634654448e-06,3.7885373048690952e-06,8.258095464854915e-06,2.5177444939217764e-06,-0.00015939892949384132,4.768597111531537e-07,5.504758672130565e-06,1.3503668856392914e-06,2.8478839026729856e-06,-0.00016367368834189808,1.355619042617664e-06,1.2131374292163223e-06,9.086152941538705e-07,3.6599697832238343e-06,-0.00015530670286903516,-0.00016909154428495073,-0.00015439279917310068,-0.00015899054645469678,-6.152413005791218e-07,-1.0148178948003622e-06,5.572882156561047e-07,5.648401811802088e-07,2.303655805397467e-06,2.2069636836383476e-06
10,-0.0005147042118173076,7.498117138812588e-05,7.27134612227914e-05,8.437220882916618e-05,8.26501937745688e-05,7.019592011612527e-05,7.992451394300851e-05,7.410995343047828e-05,7.95278228518088e-05,7.516690509090673e-05,0.0010600436534421085,9.838031072928261e-05,6.796135647291879e-05,6.687522291590631e-05,2.345261867606364e-06,3.0855067452970173e-06,1.5057834283333552e-06,3.6056329742096224e-07,-1.4359783283439344e-06,-9.737896083076761e-07,-4.240531325316957e-07,-6.891464106486518e-07,-0.00015411421800096676,-5.6006918725866234e-06,2.088770254953996e-06,1.5974844221057296e-06,-5.6592213339658905e-06,1.2788667489305273e-06,5.120688228004522e-06,-2.617364742365479e-06,5.532544279936911e-06,5.230175994674316e-06,-2.1382773251691806e-06,-0.00016790734321212437,-1.1368270860461564e-06,4.671518262919154e-06,4.679870752712926e-07,-3.69295808921931e-06,-2.047446967653725e-06,-1.6422970265739247e-06,-3.7276439969393494e-06,-2.0558765924709693e-06,1.2488797860853368e-06,-0.00014902974548816757,-4.600952228071413e-06,3.2798846352021863e-06,3.548127899385061e-07,1.0865955046507556e-06,2.4407803149161076e-06,-1.988142032118089e-06,-4.1998340774495855e-07,2.9776280172572646e-06,-0.00017019373142440302,-5.376956698657932e-06,2.0873267428095112e-06,2.2798918703117843e-06,4.68646171556549e-06,7.561804273522967e-06,4.2598428528352965e-07,2.9281466813896434e-06,-0.0001730409161475593,-2.4655536217945444e-06,7.596436050481797e-06,3.302682639747606e-06,-8.432392271291193e-07,-3.917056270877645e-06,-2.1654200738818277e-06,-0.00015986234636931846,-6.938015575740915e-06,1.1941046425096672e-06,8.581650746478113e-06,-1.5805714723965233e-07,2.384764576881626e-07,-0.00015924904581215795,-1.6849358004297972e-06,-4.189140676038943e-07,3.4666791191016803e-06,-2.977029947561998e-07,-0.00016191001711650732,2.1510972675161704e-06,-2.9474100727782806e-06,1.956871268633323e-06,-0.00015299439502146573,-2.2672088017330445e-06,-3.911118184877711e-07,2.796488141812832e-07,-0.00016699023507483525,-0.00015482488730095392,-0.00015799836043186295,-1.3605433620076541e-06,-6.717702931590768e-07,-8.89874900524141e-07
11,-0.0005532016388675802,8.295606248360271e-05,0.00010609943494083694,5.667575411382339e-05,8.825643305926314e-05,8.664872105392147e-05,8.58338871640996e-05,7.406369258860323e-05,8.721357802251239e-05,8.214240970438722e-05,9.838031072928261e-05,0.0010492510393542548,9.025091397370634e-05,8.739509899130192e-05,-4.459008073506865e-06,1.982056960796648e-06,-9.766811873644433e-07,9.98827421415139e-07,2.5226807839492803e-06,-1.5203727835684823e-06,1.011941214800463e-06,-3.7692377771744094e-07,-4.06608022253288e-06,-0.00015617714478660249,-1.2124232120490423e-06,2.1644786911205473e-06,1.3906287135784872e-06,-6.785078076774132e-06,-1.2750031058727768e-06,-5.875434023684341e-06,-1.0893436506183864e-06,-2.4078809075231946e-06,-4.326306186258747e-06,-4.30575082284685e-06,-0.00016466686588204315,-5.25438856690772e-06,-4.386856566889534e-06,6.125976505120972e-06,6.127822039002639e-06,7.206796294893952e-06,7.980619655318884e-06,3.4282264397162933e-06,-1.9688814311010735e-06,-2.090755267820917e-06,-0.00015204227164768616,7.156542573595491e-06,2.1261575679835077e-06,4.657179001411027e-06,-1.2490494793735996e-06,4.647755379940114e-06,-4.73911701957424e-06,-5.085300198670359e-06,-8.161347949156014e-06,-0.00016710400484810003,-1.3720235695628119e-06,1.440550493190864e-06,-1.3008916776629406e-06,3.5613619577973204e-06,2.7177815778853625e-06,-3.5129149348333695e-06,-4.012149079438342e-06,-0.000171662971286202,2.41361155745481e-07,-4.177529044859791e-06,-2.4418739542572955e-07,-4.448676836812078e-07,4.968991367794072e-06,-6.810692333371564e-06,-0.00016030740861787431,-2.591635063579869e-06,-2.1613330289024085e-06,9.141664345316467e-07,5.596901426258027e-06,-1.4026498726194365e-06,-0.0001596524094962792,-6.093844854542151e-06,2.524010766986283e-06,8.051492262670442e-07,3.547468878233927e-06,-0.00016384859538902586,-3.249616658905809e-06,4.1685569916499845e-08,-2.461405206649844e-06,-0.00015334462015981272,1.4243782556633724e-06,1.4423103434503124e-06,-0.00015396357363090958,-1.4110590870281844e-06,-1.627875916412224e-06,-0.00015573208955799224,-0.00015821921468845812,-2.7840967735149416e-06
12,-0.0005162054858543157,7.101836556871566e-05,6.481749761993532e-05,8.8384584045316e-05,5.819226686985263e-05,6.446953827851262e-05,9.237424800810791e-05,8.609809877897936e-05,9.125246644545987e-05,6.90051829498996e-05,6.796135647291879e-05,9.025091397370634e-05,0.0010629611745673205,8.56259000827178e-05,3.991504051986801e-06,1.5493357239248886e-06,4.778469929196757e-06,3.5388817206381668e-06,-6.727266144335283e-07,-3.1507384574791867e-06,1.0346341398251148e-06,-4.73555128600293e-07,3.1540005274499004e-06,-1.5947038156338493e-06,-0.00015560764332297236,-1.971298299951623e-06,-6.10096307396805e-06,1.0705390802081075e-05,6.192252659501599e-06,1.649359503474199e-06,5.477617000724991e-06,2.0359479187282487e-06,1.788043643344331e-06,4.382435863366282e-06,-2.3678619641169946e-06,-0.00016781994295561337,2.9752406001058823e-06,-1.5082350267525168e-06,-2.203023226760076e-06,-4.3543252954480905e-06,-4.316238127751201e-06,-4.2097390834824735e-06,-1.088987893795517e-06,1.6861299404766894e-06,2.352096993609314e-06,-0.00014725055865756864,-6.8787409836310565e-06,1.261845595153192e-05,-3.190278302255891e-06,9.479307750902963e-06,2.1340206975811123e-06,1.2955925672899942e-06,4.917913017278921e-06,4.947864035388818e-06,-0.00017363326693814902,1.0174047273428024e-06,7.410942367983459e-07,-2.244353364975779e-06,4.157924722968422e-06,4.582095625283002e-06,8.617304950597972e-06,2.9624348927300333e-06,-0.00017424068743320618,-1.9553958034751076e-06,-4.315340627902684e-06,-9.225908309387662e-06,1.7409355169838199e-06,1.7182398969441352e-07,-4.084911339839779e-06,-0.00015836815230910916,1.0197828362754229e-06,-6.323396038971477e-06,1.1163336488497747e-06,-5.199024006607575e-07,-6.687631169439468e-06,-0.0001593062491039175,-2.6640828100691756e-06,-8.177528471128987e-07,-3.2798473964861087e-06,-4.746169622037565e-06,-0.0001623425175561471,-9.04536658614738e-07,-6.233138937330977e-07,1.5587730331730845e-06,-0.00015308051559108796,3.445788217417792e-07,1.0850311471637052e-06,-0.0001564653443178218,-2.4022558596427023e-06,-0.0001696682173513647,-4.048590084169397e-06,-0.00015640904966302113
13,-0.000513191003354928,6.597496757013957e-05,7.869591041047761e-05,8.061790652484872e-05,7.212619086966759e-05,8.689525899941247e-05,6.694013969026243e-05,7.266190250534663e-05,7.425133897569578e-05,6.368912607469545e-05,6.687522291590631e-05,8.739509899130192e-05,8.56259000827178e-05,0.0010571862120329347,7.859762046536129e-07,1.6486264520371551e-06,2.0446446177715935e-06,4.156644382735966e-06,1.9352155853666463e-07,2.967835344328838e-06,2.3952308486132053e-06,3.1433890311416107e-06,2.580086372802697e-06,1.7171953545719776e-06,-2.372557959114029e-06,-0.00015500843115419028,5.3113020206090296e-08,8.92865212079182e-07,-9.086303450353488e-07,2.651690002820914e-06,1.6069808239921193e-06,2.8848875293292693e-06,4.070111989306062e-06,-1.5937962088389545e-06,-3.2026186017848634e-06,1.3053348216133076e-06,-0.0001651719411913166,-5.352193108916718e-07,-3.0743388396164747e-06,2.405382275605762e-06,-2.022680131324264e-06,-4.36468275079999e-07,-6.0041091250761176e-06,1.634578393718241e-06,1.1328620650554194e-06,-3.997530673823404e-06,-0.00015053642064718215,2.2767797238456914e-06,4.9747509966761245e-06,3.7977594767386918e-06,3.4626199160492405e-06,4.640412292504566e-06,1.913916938221627e-06,4.0480037502003575e-06,-1.6854638322108645e-06,-0.00016970060299416667,1.0604129939694286e-07,1.267699065212398e-06,4.3374845868252347e-07,2.830888667074435e-07,2.058211678927968e-06,-4.104963265049974e-06,-4.257760610614408e-06,-0.0001712313705600582,-1.3709787188872208e-06,1.715845242354477e-06,6.934951005491263e-06,8.488015196976867e-06,-2.5572989072333644e-06,2.199859165997731e-06,-0.00015953278255270733,4.048105859232138e-07,3.1606779025172607e-06,4.089320427288137e-06,3.102027501838359e-06,-1.9145971736250663e-06,-0.00015978323371397104,3.1131924413545037e-06,3.061116201473338e-06,-2.2034602559847011e-07,1.371397176432075e-07,-0.0001631320397564201,1.141523933533074e-06,2.149477467276697e-06,1.0469080907118662e-06,-0.0001539944548001583,1.0703242504819817e-06,-2.4363499188252e-06,-0.00015615875848948353,-4.706658881030454e-06,-0.00016882481518363412,-0.00015316553224005924
1 2,8.065501223281711e-05,-0.00016639102233504725,-0.00015601683198705185,4.922921621998591e-06,-4.357588014254427e-06,-8.229866655241046e-07,3.4153075838964266e-06,-4.0784396042158804e-07,-1.4677745176026573e-06,-2.0606322048393005e-06,2.345261867606364e-06,-4.459008073506865e-06,3.991504051986801e-06,7.859762046536129e-07,0.0003236028943774011,-1.3711727675207943e-05,9.699413069475483e-06,9.00219388560559e-06,9.523593964187198e-08,-5.602964709608328e-07,-1.6949843870718348e-06,-5.117146371853698e-06,-4.244880852091855e-06,2.6772168368810265e-06,-2.9310637539131247e-06,1.8606000735706035e-07,4.835219171090001e-07,-3.700763721260532e-06,-1.5286296789639096e-07,1.3836353078878958e-06,1.3162447634122925e-06,8.348279746467156e-07,8.045476845824522e-07,7.520104035377258e-07,-2.999632294405637e-06,-2.0786799088587077e-06,-1.2678286428793056e-06,-1.6696179141567374e-07,-5.844729376887884e-07,-5.075837490912856e-07,1.3947772374094988e-06,5.942849158259168e-07,3.5981239749265496e-07,2.0216720764186997e-07,2.5031900213650176e-06,-1.7097871866369497e-06,4.2752231785230387e-07,-1.3598981826110293e-06,-1.5980205241105142e-07,3.47378795660066e-06,8.54099686773836e-07,1.2256319660453216e-06,8.665865234038724e-07,6.824319656843768e-07,-1.9305511561214853e-06,1.414169476599103e-06,-2.2853677042787474e-06,-8.744104568864891e-07,-1.5209397192635832e-06,-7.874028974475854e-07,2.321581446913853e-06,1.8720424294816097e-07,-1.0251889029538914e-07,9.109358158890358e-07,-7.487705215131319e-07,9.109992563158561e-07,-2.6029333872669926e-06,-1.2124955700995194e-06,-4.2761799405220014e-07,-4.999946951637328e-07,-2.575074549294009e-07,2.5380081080968212e-06,-9.974452781503481e-08,-4.228500680590032e-06,-6.675200696635954e-07,-3.958453348058299e-08,-2.3813370218735865e-06,1.1197035334192407e-06,-2.3382153888263093e-06,1.4979532476019937e-06,-2.248708342805738e-06,4.525874032330413e-07,9.799075850351595e-07,3.445111377157035e-06,1.6374522036869365e-06,-1.1597424087821549e-07,4.965323182653782e-08,1.1982916201384837e-06,4.799948195425094e-07,2.4867638747143834e-06,1.544779416348898e-07,-1.4328965424403077e-06
1 3,6.822764535731714e-05,-0.00015026786420148394,6.36004745132458e-06,-0.0001539466103382321,6.731494521284709e-06,4.050269547653354e-06,2.866889473470478e-06,1.2409616969972577e-07,9.124102141934337e-07,-1.3727203923579282e-06,3.0855067452970173e-06,1.982056960796648e-06,1.5493357239248886e-06,1.6486264520371551e-06,-1.3711727675207943e-05,0.0003227066464025725,-4.960611297798503e-06,-7.972946482057642e-06,-1.6279299037588143e-06,-2.903396904772081e-06,2.4099589227130553e-06,3.979634432863015e-06,1.9256342273862568e-06,-2.8907305144267962e-06,5.607725450563589e-06,-8.486465457754816e-07,-2.248299775401199e-06,-3.3896964935427595e-07,-4.3022609167445545e-07,-4.87832062034914e-07,1.1853606656856129e-06,5.703225676901545e-07,4.2410843754546444e-07,2.654346498469757e-07,2.3387039312116173e-06,-1.5313855390726115e-06,3.8173449894921765e-07,-3.7636099770127554e-06,9.384588847622381e-08,1.406462036942815e-06,7.399199908675461e-07,8.145458074873309e-07,5.903318478299239e-07,5.659339380448594e-07,-2.97012449954787e-06,-1.8287463086697723e-06,-1.2973908312859902e-06,3.195019333664043e-06,-2.0828334382325425e-06,-3.5065522557984795e-06,-2.2255889713943343e-06,1.4792624054159475e-06,-8.924050047513043e-07,1.6653173328465499e-06,-6.53157544042407e-07,-5.737013702731962e-07,-9.847123821065124e-07,2.0930346557993324e-06,-1.8590465223517263e-06,-4.430589348683239e-07,-1.2452759551170528e-06,-1.9189147636027362e-07,-7.09720434734262e-07,-1.911186705336656e-06,4.807711846035934e-07,-1.0030737731744719e-06,1.125115128563963e-06,-1.2449308410035451e-06,-7.024417409674417e-07,-1.2807552808265947e-06,8.494903200996578e-07,1.0586280185196065e-06,-4.622545188611033e-06,1.0344900827014538e-06,8.966358182619955e-07,7.693881251483613e-07,1.5510909019243116e-06,-6.850770164989489e-07,-8.435315201243528e-07,-1.2360452861547208e-06,1.1736933990538151e-06,1.2548946580994503e-06,-4.337102112800323e-07,2.3510035898856947e-06,-3.6155220475994267e-07,-1.3091262111282416e-07,-5.317987407010134e-07,-1.5250057845071197e-06,-1.5902651062974992e-06,-2.437817858291445e-06,-1.8916392930843168e-06,1.153125545180431e-06
1 4,7.935690520118005e-05,-0.00017056497416322183,-4.748680909874203e-06,4.507323662590333e-06,-0.00015691371288750942,-1.3353345390846861e-06,7.416524099374808e-07,3.0025110816488127e-06,3.7547252976878356e-06,-1.5629833178072288e-06,1.5057834283333552e-06,-9.766811873644433e-07,4.778469929196757e-06,2.0446446177715935e-06,9.699413069475483e-06,-4.960611297798503e-06,0.0003245421198999229,5.7156789114566105e-06,-4.469932436399587e-07,-5.999081066195342e-06,-4.11941833397412e-06,-1.8056179641039528e-06,-2.3647800536889306e-06,3.859634463481048e-06,-7.702849157143049e-06,-1.7273898320477673e-06,-5.359305718325997e-07,-2.535631575498745e-06,-1.0893393866295266e-06,6.354808551031441e-08,3.4482936787383762e-06,7.214392750372978e-07,1.0884877857005885e-06,8.12007196062875e-07,6.180704897073724e-07,-1.9289795876085045e-06,1.3645358207136722e-06,7.074845884734878e-07,3.189415751749804e-06,-2.1310715534832965e-06,-3.380557261698202e-06,-2.3301427050474924e-06,1.4281733825221653e-06,-1.006784303622948e-06,1.75075885406936e-06,-5.74170583013155e-07,-5.487492346855829e-07,1.080635056163969e-07,1.525125047349881e-06,1.1744749054582561e-06,1.1621363508069435e-06,2.990745189595011e-07,4.949546989090185e-07,-3.4172141689110714e-06,-1.9735802966077747e-06,-1.198524358639245e-06,-1.10364481761855e-06,2.5584773489525463e-07,-1.399931083306935e-06,-1.106344690453394e-06,-1.0117536539288154e-06,-1.8938453055675954e-06,4.147895859778007e-07,9.205522395641968e-07,-2.3950497591274447e-06,7.266215527879641e-07,4.4198155933262167e-07,4.3553077852305544e-07,-2.5781386488089086e-07,-1.9122192905866227e-07,1.2281892363952722e-06,-8.856883639922819e-07,1.6672222468817822e-06,-4.600114578278915e-07,3.874065265342155e-07,6.025446543769447e-07,1.1091094333707678e-06,-9.312932608325339e-07,-2.1149163615690955e-07,7.246298591830039e-07,-2.38328530421762e-06,-5.435145040746532e-07,2.159167247756426e-06,7.434526324691412e-07,2.1906357134741005e-06,-2.642869267715068e-06,2.217685669495861e-06,-8.350038511570035e-07,-2.231392585511665e-06,2.6410466613900375e-06,-1.5925654704400312e-06,1.0089641508852237e-06
1 5,7.659020801331238e-05,-0.00017121604497844455,4.858301594452824e-07,3.953727186215554e-06,9.586978889868755e-07,-0.00015446091296226076,3.3330109213408493e-06,8.311298957036735e-07,4.3589818020559626e-06,1.8695370979564961e-06,3.6056329742096224e-07,9.98827421415139e-07,3.5388817206381668e-06,4.156644382735966e-06,9.00219388560559e-06,-7.972946482057642e-06,5.7156789114566105e-06,0.00032352609687421447,-1.4089668813377737e-06,-7.66676751627328e-07,2.021063880192031e-07,-2.1522986893394157e-07,-2.5644322770164863e-06,5.112955872205115e-07,-4.115463196884034e-06,2.0942060113089652e-07,-5.098214407959847e-07,-1.3746927803732845e-06,-2.5554550660092947e-06,-2.212003018692577e-06,-9.021792795387627e-07,-1.4224884646080799e-06,-8.382479408220003e-07,2.304393907030587e-06,4.337766930047158e-08,-6.657332848911971e-08,8.951010447094062e-07,3.1867578698841687e-06,6.889085309367724e-07,-9.973344691147429e-07,2.1825694316914053e-06,-1.9023271693774552e-06,-4.4925169004387135e-07,-1.266311217256446e-06,-3.015959535731018e-07,-8.459686874126421e-07,-1.97852035162053e-06,-3.900215190965332e-06,-1.0837859673398749e-06,1.782368782377809e-07,-1.4029453897887295e-06,-1.0409426379960763e-06,-8.729043933056447e-07,-2.0308585081165968e-06,5.123454493690458e-07,1.0455889156980952e-06,1.3205346658431177e-06,1.0225296694467892e-06,8.072945977415099e-07,1.565155968847155e-07,8.197144698902639e-07,-2.60292987241083e-06,-2.0180113668950817e-06,-1.3931509958905214e-06,-1.981586855067726e-06,-1.6068346030493497e-07,-7.893870572304509e-08,5.922297346734559e-07,-5.841765793685504e-07,-1.1142197899886354e-06,2.3555997290066515e-07,9.967545828791104e-08,-4.708464617407651e-08,-1.7424005699629637e-06,3.2033489531508803e-07,2.6387598199110763e-06,-5.128207476561039e-06,-3.9133434809053553e-07,-1.8741730230642065e-07,-1.4577752240741583e-06,-2.337368705972419e-06,-1.4547230788110972e-06,1.2867864253238805e-06,-2.4187791175715037e-06,1.275529995256755e-06,1.623421106415246e-06,3.5132849642103454e-06,-9.707380959122544e-07,-2.380952164721469e-06,4.333313035970313e-07,1.6001571708277164e-06,3.1145623561305345e-07
