,1,1,2,3,4,5,6,7,8,9,10,11,12,13,1 2,1 3,1 4,1 5,1 6,1 7,1 8,1 9,1 10,1 11,1 12,1 13,2 3,2 4,2 5,2 6,2 7,2 8,2 9,2 10,2 11,2 12,2 13,3 4,3 5,3 6,3 7,3 8,3 9,3 10,3 11,3 12,3 13,4 5,4 6,4 7,4 8,4 9,4 10,4 11,4 12,4 13,5 6,5 7,5 8,5 9,5 10,5 11,5 12,5 13,6 7,6 8,6 9,6 10,6 11,6 12,6 13,7 8,7 9,7 10,7 11,7 12,7 13,8 9,8 10,8 11,8 12,8 13,9 10,9 11,9 12,9 13,10 11,10 12,10 13,11 12,11 13,12 13
1,1.3219788743645677e-05,2.747969664725493e-07,-5.040957039821268e-09,-2.4167752244642717e-07,-7.281066498122941e-07,-4.3503915698782594e-07,-1.2504753482070356e-07,-3.148654083710092e-08,1.5850483163861726e-07,1.820531875735123e-07,1.4253086629146365e-07,-2.64488612356889e-07,-1.4478280942906107e-07,-8.564575193255807e-08,-1.4041885483508898e-09,9.205007328483393e-08,-4.94213574517593e-08,-1.8094114935807754e-08,7.337727184428783e-08,5.617928462385972e-08,-9.169167323520743e-09,8.596559658084852e-08,2.5757591021889105e-09,-6.861215033487728e-08,-1.6619150351989388e-08,-3.1016901144300795e-08,-3.478630775408671e-07,2.5924479873614835e-08,1.0789090477716229e-07,5.48835150850536e-08,9.156333014989649e-08,4.73495206056395e-08,-9.326965992793229e-08,-1.0975425552905403e-07,-7.852120747837808e-08,1.787353014672825e-08,-2.9475719994760895e-08,2.1084687701421068e-07,2.6053818109998975e-08,-5.50551129672784e-08,-5.435350374223238e-09,3.489032861676181e-08,1.2687824355929441e-07,1.5214550035533525e-07,-1.331428503002991e-07,1.3496090410281665e-07,8.741842355486345e-08,4.694778453763818e-07,1.3393440706851436e-07,2.842000063141185e-07,-9.953942209942678e-08,-4.6287946315851995e-08,-5.4665662066410976e-08,1.2927846807154618e-07,9.997309225189764e-08,-1.1118595383322388e-08,9.688671059198878e-08,3.614093484339338e-08,-2.559516731702417e-08,3.3604623146100886e-08,-4.813448315211675e-08,1.3301960913594314e-07,-6.5635614831812e-08,1.1926014335162725e-08,-5.393247189792535e-08,-1.0841059503253459e-07,-6.551928463458625e-08,1.2903470623480788e-08,-3.9982232964538554e-08,5.5649919153640894e-08,-4.4711144665221926e-08,1.1162469841158842e-07,-6.405431288226602e-08,-1.4971573462324366e-08,1.0037179325753669e-07,-3.5216975952939064e-08,-2.3422796390343102e-08,4.1189205058678216e-08,9.184356839363559e-08,4.352926496298382e-08,-6.958640771284847e-08,-3.1792159645876154e-08,-3.836003894017015e-08,4.630191647974569e-08,-7.266700069768854e-08,-7.367605017893154e-08,-4.216760220260926e-09,1.4416498358296138e-08,6.087919627742998e-08,2.6612374395354842e-08,5.1248299058887785e-08,-6.37282502204511e-08
1,2.747969664725493e-07,1.3177879919634715e-05,9.882743308380297e-10,8.602577015352637e-08,-5.68477445108033e-08,-2.1110261389174948e-08,7.815778759630836e-08,6.265754137977935e-08,-9.689941561791676e-09,9.156039789182372e-08,-4.964767277059283e-09,-7.149945382943809e-08,-2.6776800562332992e-08,-3.112795712481012e-08,-6.786093593025182e-09,-2.467349393054122e-07,-6.985336773005887e-07,-4.083185903802649e-07,-1.0147372179877432e-07,-1.5414473021979804e-08,1.515303673847848e-07,1.8132899451674253e-07,1.3492288885182293e-07,-2.591816031960933e-07,-1.3567290979965248e-07,-8.393262198313644e-08,-1.1871806230488005e-07,-8.847747936671488e-10,-2.7667964186425153e-09,-6.370510348176392e-10,9.82720522797646e-09,1.033148348253727e-07,-6.685228165969191e-08,-1.8156700323385703e-08,-5.646474051975004e-08,-2.3166588655855145e-08,-6.062643128232923e-08,-3.012509350200816e-08,-4.4178686036004115e-08,2.1592106897994046e-09,-1.8298395926231838e-08,-1.0496229649540462e-07,3.424500919440099e-09,9.86495246041082e-08,-4.298137346233745e-08,3.819284135202382e-08,1.4146928643416617e-08,-4.833445175660245e-09,-9.148741356386768e-08,-3.826562469817429e-08,7.128963099511614e-08,-8.465642786237892e-08,-2.1848756739143803e-09,9.564775484204074e-08,7.363855330790104e-08,-6.5298318422318e-08,-4.840066730161977e-08,-1.6163238252525673e-07,6.84002550483113e-08,-2.452120455211836e-08,4.513103718422417e-08,9.550169882165767e-08,5.2658312752972176e-08,-2.523378821091502e-08,-6.3844705850207755e-09,1.219064790522882e-07,-1.5192187477492246e-07,4.185545855924045e-08,-9.134185884514217e-09,-1.0368193048692423e-08,-3.143925619802034e-08,2.7675195356866403e-08,-2.5102484920228278e-08,-2.1518285517047452e-08,-9.33060836892338e-09,3.260600301443045e-08,-4.5563809477995455e-08,-2.7064277677321577e-09,-1.2971992833244678e-08,8.479681185237e-09,6.276001828205312e-09,9.72598355567153e-08,-4.605475862800341e-08,-7.173067905638408e-08,-2.7156187273386754e-08,-1.0576467339214331e-07,-6.784568560008258e-08,-3.362425806276669e-08,2.49516763917349e-08,-1.989433343219467e-08,2.049971153641899e-08,-8.087841554357167e-08
2,-5.040957039821268e-09,9.882743308380297e-10,1.3194457736688005e-05,-3.558132500360541e-07,2.554038306169749e-08,1.0668029775851728e-07,5.935468428173567e-08,9.17972432772395e-08,5.355946612095411e-08,-9.745439022080683e-08,-1.1207283547778095e-07,-8.875132372502192e-08,2.2999414741485448e-08,-3.127263835113291e-08,2.7805430174749685e-07,-1.2646272176990282e-07,2.7382045065754205e-09,8.296593771997009e-10,-1.4681273747831562e-09,1.1902185800262541e-08,1.0353636651774411e-07,-6.78487664551631e-08,-2.016939643099929e-08,-6.002617995947308e-08,-1.4847231936378212e-08,-6.020598716776788e-08,-2.5052407343725397e-07,-7.095123315169249e-07,-4.1270402333949554e-07,-1.0820848420596323e-07,-2.0788983576514304e-08,1.4666080905042068e-07,1.8459503211422134e-07,1.3803336171185953e-07,-2.596678630359005e-07,-1.2694082490804782e-07,-8.310222242084544e-08,1.1157487813954006e-07,2.8188906879974156e-08,7.241942899266155e-08,6.230299682498583e-08,2.5825639515076642e-08,-3.760576179892611e-08,4.062745620183167e-09,6.419470877945966e-08,-1.6376922756104907e-07,4.25936793330732e-08,-6.780722196757558e-08,-1.3674295826195326e-09,2.5626712478036093e-08,-1.0294179446964313e-07,9.834096784011453e-08,5.696360650327317e-08,8.890902831646174e-08,-1.0741799441355277e-07,6.99047305855865e-09,-7.781332176748566e-08,-2.3838487388716685e-09,-1.11826849426582e-07,-3.3141322490998664e-08,1.1698964000027946e-07,-3.622662721215403e-08,-2.1210803933313466e-07,-9.063856719383522e-09,-3.608595027361453e-08,4.156870665925001e-08,8.567164348852881e-08,-4.7359267321541327e-08,-1.4832007474245638e-08,-9.37401184671068e-09,-3.252470037563507e-08,4.777526925069905e-08,1.9939036134278676e-08,5.708772564776663e-08,2.017958848514203e-08,1.011339809456586e-07,-1.4256036102962394e-08,1.059377115710236e-07,6.266262431272876e-09,-1.0294125644293809e-07,-2.7446030396254704e-08,-4.918608816654731e-08,-7.464509126534848e-08,-4.55794524307111e-08,8.378854358151287e-08,-8.598241924838706e-08,3.9056867151214516e-08,-1.3237058471525645e-07,8.888903887059765e-09,2.1561398467623936e-08,2.4305158928112737e-08,-4.2212655080202375e-08
3,-2.4167752244642717e-07,8.602577015352637e-08,-3.558132500360541e-07,1.320691527907363e-05,2.070133852150434e-07,1.69163874166477e-08,-6.149124785290631e-08,-1.2788152017011193e-08,3.3575056226186026e-08,1.3307083309527582e-07,1.5965172587044995e-07,-1.5301154105170588e-07,1.4303371119650237e-07,8.459716269548695e-08,-1.2640889156233758e-07,2.7792699048369577e-07,-2.5836595277038307e-08,-4.358784587831668e-08,-3.3515987568477224e-09,-1.5651098530553884e-08,-1.0013016705523102e-07,3.081895907649313e-09,1.0830968361454749e-07,-4.5017775054154996e-08,3.702469941410359e-08,1.5611360378333164e-08,-9.620438596854589e-11,1.2032267494983339e-07,3.2912174284531516e-08,7.390057697978723e-08,6.513831175037471e-08,3.1924552721813935e-08,-3.7142497938882406e-08,-2.0172924506970532e-09,5.734805907721562e-08,-1.6563613211782238e-07,4.602515023751359e-08,-7.154371870783023e-07,-4.138481267916833e-07,-1.0951417325930285e-07,-1.7021166033990824e-08,1.559056966470021e-07,1.7811710943228753e-07,1.3399706995154304e-07,-2.508228558596408e-07,-1.3216575505578536e-07,-8.035576343836735e-08,7.795406186652117e-08,-1.0869956320388237e-07,1.254999957417842e-07,6.169772063227525e-09,-1.47001204403949e-07,-6.998033121098006e-08,1.9304426944853421e-07,-1.5482973317476884e-07,-3.727806622355245e-08,3.750443225577232e-09,2.6181391211873167e-07,-5.3516947300459066e-08,-2.2931013688973022e-08,-1.0826096276760569e-07,1.817907634838137e-07,1.0560647149778865e-08,5.0737917671817516e-08,8.982235875861014e-08,-3.154091541877189e-08,-7.633461745926946e-08,2.411233335357697e-08,-1.2903721912061152e-08,-3.4304644360179414e-08,-3.36848814664758e-08,2.1558488403094112e-08,1.0885374718021865e-08,2.7284927955558477e-08,-1.5358425293816076e-08,-3.2697637994252845e-08,3.759980368526841e-08,1.907013543892467e-08,-4.454264318985271e-10,-1.6465484782055297e-08,4.6558464271094756e-08,-1.9939309201715252e-08,-1.5661847393502652e-09,4.9801084881290405e-08,6.912098106697991e-08,3.848713314557416e-09,-8.413967994330483e-08,7.934198467806707e-08,4.380767188508536e-08,3.8843978631567975e-08,-9.343410668284302e-08,4.950236788989153e-08
4,-7.281066498122941e-07,-5.68477445108033e-08,2.554038306169749e-08,2.070133852150434e-07,1.3209964215729224e-05,4.733226765621413e-07,1.3603721084753138e-07,2.765402243585052e-07,-9.80916225787662e-08,-4.073199996229487e-08,-6.04798369931388e-08,1.284492456071639e-07,1.0573597617140375e-07,-1.0649582467989654e-08,2.215273724927965e-09,-2.123166273745786e-08,2.703992522212451e-07,6.92582248426651e-09,-8.798628653659636e-08,-2.6227814334157828e-08,7.267796009857224e-08,-8.131192069782741e-08,-6.968808604140898e-09,1.0118535276657647e-07,7.3786781676593e-08,-6.577885191446354e-08,9.696150574077292e-08,-5.875302559819879e-09,-6.642974171677583e-08,9.424294964398967e-09,2.9244997148383494e-08,-1.0450838661966744e-07,9.239190811672381e-08,5.159877687964139e-08,8.04905793760465e-08,-1.0374901720940114e-07,5.4034747904224525e-09,-2.4886600355794694e-07,6.945189921527644e-08,-1.1628959043404215e-07,1.1848341938888196e-07,5.07348240872702e-09,-1.4228518861226133e-07,-5.86710282573232e-08,1.85812404723996e-07,-1.4652880194431028e-07,-3.4571495597649416e-08,-4.3201333016117716e-07,-1.2081850014075764e-07,-2.6359842949740336e-08,1.5547714053946312e-07,1.784086569038459e-07,1.3648349503638344e-07,-2.5571225108829426e-07,-1.4768042561187078e-07,-8.236011559878489e-08,-5.5893822571697907e-08,7.932663776747921e-10,-7.570909314534997e-08,-3.043151719663904e-08,7.357086844369792e-08,-2.1282114809500082e-08,1.8904575418910384e-08,-5.832098875291222e-08,-6.595829732752131e-08,4.6342886478766524e-08,2.3362986852885152e-08,4.0588522895272116e-08,-4.498087983668954e-08,-9.97775595017843e-08,5.144556616300642e-08,-2.635922035957667e-08,5.247741574208401e-08,-4.6329013949360256e-08,2.5289784539255502e-09,-4.1053631161245496e-08,-6.345292114339911e-09,-4.3552767303496803e-08,1.1413412912921086e-08,1.203289758122189e-08,-3.5436001877182734e-09,-4.58341413111095e-08,1.4598260137253513e-08,8.613227937052317e-09,-2.6258666187927468e-08,-3.6893648117450515e-08,-1.5396058060711662e-08,-2.9728563280172113e-08,-1.2864265276479436e-07,2.961725243411574e-08,-1.1168631804371307e-07,1.4425732869106246e-08
5,-4.3503915698782594e-07,-2.1110261389174948e-08,1.0668029775851728e-07,1.69163874166477e-08,4.733226765621413e-07,1.3206394928709512e-05,9.730480857635522e-08,1.8906063740794896e-08,-2.1415385397163668e-08,3.876166942496314e-08,-4.420394818774296e-08,1.350111857742197e-07,-6.12870147336108e-08,1.733278821988756e-08,3.4912995539658992e-09,-3.882642372249698e-08,6.342463389388112e-09,2.7025856535325527e-07,-4.354214364909412e-08,-1.5307758511445955e-07,6.867629455085511e-08,-2.054234033086155e-08,4.5894680156796624e-08,1.019571658726585e-07,5.7793127935782635e-08,-2.4646139746649355e-08,1.9637819036261274e-08,-6.976238121634047e-08,-9.630795790113626e-09,-7.630916916048092e-08,-4.454280456822196e-09,-1.0765795338542392e-07,-3.69833253292716e-08,1.1027053868551167e-07,-3.9491714456544884e-08,-2.095228002085444e-07,-1.0352370666257226e-08,7.439331430318481e-08,-2.454882910808662e-07,3.3518838156133333e-09,2.6118539785738274e-07,-5.0909771986772843e-08,-2.0493702822525987e-08,-9.55663808141478e-08,1.7721871304468902e-07,1.4227918866927014e-08,5.340987161388092e-08,-7.208009992503994e-07,-5.686437443618239e-08,7.794599821430768e-09,-7.51848355296764e-08,-3.905532915515752e-08,7.363711496572193e-08,-2.76908916081467e-08,2.0960711429323188e-08,-6.135170447168936e-08,-1.168059897531745e-07,-2.0307485158557037e-08,1.4994431220451227e-07,1.7479709426198678e-07,1.4414508602386935e-07,-2.6100064985088387e-07,-1.4080232386568938e-07,-8.671559605434551e-08,6.942811982348025e-09,2.6821816522505735e-08,-4.14143467807734e-08,-2.8781579798920825e-08,-1.6033544067291772e-07,-1.9361387029273093e-08,-6.155581623795732e-08,4.603145305136607e-08,6.439559028846716e-09,9.638842266414228e-08,3.516581421660116e-08,1.2617738750158557e-07,2.1336978977113872e-08,-7.410587303635066e-08,-5.2278504166482786e-08,6.425057569606538e-08,2.204460766900855e-08,8.622290247162415e-08,7.863620761592288e-08,-4.9957990759794655e-08,-3.169765619952837e-08,-1.0390182638309714e-07,5.306486233355828e-08,-7.114130430033305e-08,6.900573294391571e-09,-5.1687622352893836e-08,-6.279805024828657e-08,6.146209090412405e-08
6,-1.2504753482070356e-07,7.815778759630836e-08,5.935468428173567e-08,-6.149124785290631e-08,1.3603721084753138e-07,9.730480857635522e-08,1.3183385767406972e-05,-5.8293991285837514e-08,-1.0512052562484138e-07,-7.101913418870328e-08,1.0934641692656373e-08,-3.890559603670036e-08,5.7450748929754934e-08,-3.8324328022404304e-08,-2.1674219039793324e-09,-4.848040318421934e-09,-9.364354823182702e-08,-4.9886524952788745e-08,2.626114671205371e-07,-4.823455135934806e-09,1.1710315299315682e-07,-1.5681727833967037e-07,4.035217414459226e-08,-4.479273020759739e-09,-1.3381657424693256e-08,-3.364274415945652e-08,7.134993945292802e-08,1.1043195457130437e-09,-8.462174912606683e-08,-2.1205514619540247e-09,-3.5504745420079446e-08,3.719211882960888e-08,8.139378869936251e-08,-4.9905686492037015e-08,-1.5169449626504603e-08,-1.1218552725986477e-08,-3.622454117889423e-08,-1.1239211433285137e-07,6.934647179900815e-09,-2.518736606643826e-07,8.985932434527835e-08,-2.8007991581088556e-08,-7.350130660054264e-08,2.398664435516778e-08,-1.3766252765733049e-08,-3.882849742317189e-08,-3.130712443428581e-08,-5.5335687330470026e-08,-6.999101615872742e-07,-6.371463793963717e-08,5.0085151581515786e-08,2.4841794340449315e-08,4.0951916317576575e-08,-4.383637818516999e-08,-1.0110524099996982e-07,5.059601355620002e-08,-4.062459010016942e-07,1.833612967701795e-08,2.907562027454513e-08,-3.861615394829385e-08,-3.285966067661247e-08,-1.549386303272903e-07,-1.8284219944381538e-08,-6.050496195972579e-08,-1.7255734399960177e-08,1.5972590339940378e-07,1.7468383950378622e-07,1.3608060392151886e-07,-2.541648490469047e-07,-1.4242405715950062e-07,-8.027014411523376e-08,-5.040709690705578e-10,9.813050751644223e-08,2.4340368905826573e-08,8.62696863063913e-08,8.56445268443644e-08,3.630196566040874e-08,-1.1388557187052134e-07,-1.0331855013845844e-07,-1.0871040822422369e-07,1.550447963480106e-07,9.03913141149147e-08,-5.066237611899294e-08,-7.588726958952571e-08,-7.409115587290545e-08,6.53864795745333e-08,1.4940530181722594e-08,5.076215547679962e-08,-3.802820108791485e-08,1.6930697504283613e-08,-1.848054940447098e-08,4.2336084626514275e-08
7,-3.148654083710092e-08,6.265754137977935e-08,9.17972432772395e-08,-1.2788152017011193e-08,2.765402243585052e-07,1.8906063740794896e-08,-5.8293991285837514e-08,1.3186138532061879e-05,1.1216346595621948e-07,-7.052251909991834e-08,-1.4821466748490119e-08,1.0170492491378216e-07,-3.380977105833018e-08,-2.4302105989247885e-08,1.4400141840504348e-08,-1.728812759026413e-08,-2.992203031002737e-08,-1.5512255286732235e-07,-6.324201173084971e-09,2.66021612347882e-07,2.7662174518951258e-08,-2.5738444216857876e-08,-2.246382154542692e-08,-3.4071886936230013e-09,3.087652979670435e-08,-4.1298489649175114e-08,6.561996451213547e-08,2.6189839024657725e-08,-5.058487343971464e-09,-4.2977467867199275e-08,-2.3986029854278945e-10,5.358811245318538e-08,2.0863977474195428e-08,5.6588276326381077e-08,1.9197924921421716e-08,1.0902545979007123e-07,-1.1341929568052861e-08,1.205797947217151e-07,2.612469105412046e-07,8.65725037165583e-08,-2.422812493140991e-07,2.0469418290831105e-08,1.308192101669221e-08,3.003078114821892e-08,-2.2665467766237325e-08,-2.9012150388293356e-08,3.6324688864414383e-08,3.7178020024913306e-09,-6.2663157023341e-08,-6.984893633676668e-07,-2.7762551569660128e-08,5.914746578211833e-08,-4.6574515361907724e-08,8.05032736252053e-11,-3.6125611350906586e-08,-7.3288754583412056e-09,1.3574940181615201e-08,-4.015524860530273e-07,4.323154063486341e-08,9.518700298720899e-09,9.678695855354377e-08,3.1915823010281404e-08,1.2980702657738465e-07,2.3284820121443675e-08,-1.065775941020177e-07,-2.968470665843779e-09,9.876456465770968e-08,2.2566413351364372e-08,8.978025712219069e-08,8.441774671598634e-08,3.792869062396914e-08,1.526076543002644e-07,1.8627014599017242e-07,1.3415837717563246e-07,-2.5621412427378357e-07,-1.394416070041669e-07,-8.076515745215218e-08,1.4926374023069772e-07,3.828352420637004e-08,-4.912074108883947e-09,-4.736329422789915e-08,-1.0807622040908853e-08,2.8505878656613622e-08,6.747414023252041e-08,3.3489723147392863e-08,-4.6866300640629356e-08,1.8985216413476632e-08,-4.024564844446812e-08,7.118383016479897e-08,-4.745565249646468e-08,-4.071506342166345e-08,-1.5236033130297654e-08
8,1.5850483163861726e-07,-9.689941561791676e-09,5.355946612095411e-08,3.3575056226186026e-08,-9.80916225787662e-08,-2.1415385397163668e-08,-1.0512052562484138e-07,1.1216346595621948e-07,1.3183880826210746e-05,4.719514388339658e-08,9.89708264937412e-08,4.3843302941146614e-08,-6.526790060331724e-08,-3.784508737546823e-08,1.0385695937348398e-07,-1.0454786955363399e-07,6.991360157849212e-08,6.703003043435214e-08,1.1499252183361584e-07,2.6803920391398236e-08,2.6254348832230913e-07,-2.9593744851121623e-09,-1.0924910962415654e-08,8.403329089221036e-09,4.703346514774086e-09,9.72971230963392e-08,2.8345449487573937e-08,-1.0002080178128998e-07,-1.0678712885184652e-07,3.883020009187876e-08,5.025457033419731e-08,2.8986104791895184e-09,1.1006540382420442e-07,1.4761398666215784e-08,-9.967499722176641e-08,-3.38938275532807e-08,-4.757701750199377e-08,2.534695435034211e-09,-5.288070594903347e-08,-2.8911181384297503e-08,1.9058238293782622e-08,-2.476165008676842e-07,1.6474073927512363e-08,9.381756595719109e-11,-9.053281797788106e-09,4.312601558147737e-08,-1.5606264666684736e-08,-7.900200966516776e-08,5.00038882951801e-08,-3.095759103305813e-08,-6.977072392975467e-07,-4.501530507317185e-08,1.0263378250019902e-08,8.199874150458918e-09,-1.0525381765933601e-08,-4.8255050889249454e-08,2.928377948506739e-08,4.138963676661619e-08,-4.040623691762895e-07,-8.100602548857267e-08,-5.356837690052302e-08,6.112784781549932e-08,1.9001503035255477e-08,8.297978424609418e-08,-2.5223966622609095e-09,-1.0798659244177303e-07,-1.1114590025881034e-07,-1.0607586799444909e-07,-1.0744519734718051e-07,1.4941343492167045e-07,9.159876268246977e-08,-1.2489852995256264e-08,1.432394230964761e-07,4.238448825510488e-08,-4.88533394498091e-09,-4.9670816491305496e-08,-1.0712207055812705e-08,1.8651334518357907e-07,1.3928642156339244e-07,-2.5545709900308193e-07,-1.3894070789998457e-07,-8.025695846615783e-08,1.0810502555938678e-07,6.368125330859094e-08,-2.735485902813881e-08,2.6951305970398742e-08,-1.53755924809993e-08,-8.469095386007008e-09,-6.520830738034081e-08,-3.8154660495578395e-08,1.7243342989473095e-07,5.004524192724428e-09
9,1.820531875735123e-07,9.156039789182372e-08,-9.745439022080683e-08,1.3307083309527582e-07,-4.073199996229487e-08,3.876166942496314e-08,-7.101913418870328e-08,-7.052251909991834e-08,4.719514388339658e-08,1.3183366648252045e-05,-4.748063134583305e-08,4.361198232238266e-08,-6.832407926430115e-08,-7.394491552595438e-08,-6.247591807827959e-08,5.890910663092489e-09,-8.314321138337275e-08,-1.7509142711284486e-08,-1.5328652839213197e-07,-2.8605198801225413e-08,-2.7819928370177146e-10,2.7073168401527064e-07,-4.4029894449334154e-08,-7.074419993398809e-08,-2.6451962232536986e-08,-1.0551861558783805e-07,-3.6831617890631224e-08,9.842686283390473e-08,-3.7940306790144665e-08,8.951520468817952e-08,1.588339309884158e-08,1.058899875918473e-07,-6.4827513909987655e-09,-7.056735224459427e-08,-4.2114554916665905e-08,8.354460027240815e-08,-8.619140702305043e-08,-1.5306547792918602e-07,-2.3345097914343032e-08,-7.604250399884903e-08,1.0064001992078745e-08,2.188404294114055e-08,-2.431700953180302e-07,-3.4499197024574807e-09,5.1291362912012136e-08,6.935011344500097e-08,8.084803251566459e-09,-4.150845291497644e-08,2.3463529006634484e-08,5.3147110228817263e-08,-4.610408837960754e-08,-7.028479937600613e-07,2.1561903010287808e-08,2.2323811319425774e-09,-2.545510364325888e-08,-3.566732895220037e-08,-3.9207344366582954e-08,9.358519292984799e-09,-8.195082616148221e-08,-4.0035295047190176e-07,7.771360897607573e-08,-4.928437555989745e-08,-2.3257789195970775e-08,-1.0369952887377471e-07,1.0028875665362457e-07,-1.1023692146753784e-07,-1.0971079822225199e-07,-4.7799500267095916e-08,-7.606405413350924e-08,-7.823552395924019e-08,6.733376996115545e-08,1.4293647448497973e-07,-1.8071204634586588e-08,2.4505178942330037e-08,6.461749130420348e-08,4.010795356001837e-08,-5.024526476709288e-08,1.5133678611332405e-07,1.0569309734167194e-07,6.357558003530773e-08,-2.4611990484920118e-08,2.930193403523778e-08,1.3507832292308458e-07,-2.5369771550915746e-07,-1.3738507420506947e-07,-7.921900171706766e-08,8.210395963935986e-08,-4.5547844471238054e-08,-3.8156161351037144e-08,-3.976952651957417e-08,3.781969346562367e-08,-1.4960772845974693e-08
10,1.4253086629146365e-07,-4.964767277059283e-09,-1.1207283547778095e-07,1.5965172587044995e-07,-6.04798369931388e-08,-4.420394818774296e-08,1.0934641692656373e-08,-1.4821466748490119e-08,9.89708264937412e-08,-4.748063134583305e-08,1.31772571078814e-05,-4.792506579919351e-10,1.5097021213386115e-09,6.680527572428539e-08,-2.3997369518598567e-08,1.0643068421636093e-07,-2.469141842817388e-09,4.526769354684092e-08,4.364841426716057e-08,-2.3167084049093145e-08,-1.3019550909507585e-08,-4.850649283511604e-08,2.7272864098604034e-07,-6.42346534027125e-08,-3.276767462762137e-08,2.5530360445557727e-08,6.7638972817186125e-09,5.6394696656724416e-08,1.1859607847230257e-07,-5.06832322631923e-08,5.645382319899907e-08,1.1737002994067696e-08,-7.00304912801896e-08,-4.273840086650209e-09,3.7662331896172405e-08,-1.300613411896646e-07,1.1184046679892205e-08,-7.040944912276917e-08,-1.0356121378107788e-07,2.4937655653275025e-08,2.6393148640059524e-08,1.3778792554943414e-09,-1.7231260029266337e-09,-2.3990837946222686e-07,-8.461089205329985e-08,7.734151415704384e-08,4.442243959709353e-08,7.242855118713343e-08,3.8182170282819165e-08,-4.693200858660147e-08,7.271050879522903e-09,1.86894168914555e-08,-6.94286265800574e-07,-1.8772647910090932e-08,-2.4822436722649347e-08,-1.3179851192165997e-07,-3.6553948494694195e-08,9.625408074188841e-08,-5.3484169014912804e-08,7.833674482759179e-08,-4.1090375202241023e-07,5.235603231381826e-08,-6.603866134590064e-08,3.727903098486211e-09,2.5895081600718374e-08,-1.043264354233288e-07,-4.7870655010378276e-08,-1.0308817884124759e-07,1.3387800462526162e-08,5.445175478797566e-08,-3.897940670579361e-08,3.821479745292123e-08,2.5213124619511456e-08,-1.521925896539398e-08,1.8402482942325004e-08,-3.942683600692582e-08,6.893896578416756e-08,1.0642500900883177e-07,1.5121588292310732e-07,-1.3042139078041862e-08,-6.413296587216611e-09,-6.721168651534292e-08,1.818054333620349e-07,8.322552539369905e-08,-4.438565528268155e-08,-3.778190359272384e-08,-2.582119041551575e-07,-1.2745628829527157e-07,-7.715317257878916e-08,1.2942266235024236e-08,3.9990448547803014e-08,-3.519039199763477e-08
11,-2.64488612356889e-07,-7.149945382943809e-08,-8.875132372502192e-08,-1.5301154105170588e-07,1.284492456071639e-07,1.350111857742197e-07,-3.890559603670036e-08,1.0170492491378216e-07,4.3843302941146614e-08,4.361198232238266e-08,-4.792506579919351e-10,1.318535954542634e-05,2.4182834811027045e-08,6.403387955803514e-08,-5.819041128496615e-08,-4.379554445726461e-08,1.0214538397249993e-07,1.0157451392315674e-07,-5.642995700407629e-09,-2.165329133247177e-09,9.269539753404486e-09,-7.039621258155076e-08,-6.478713064126882e-08,2.747541032462299e-07,-1.9756536889925462e-08,2.582269978226644e-08,5.586350126639839e-08,8.939360249429604e-08,-3.1593099338798805e-08,-1.6081196221037572e-08,1.9257056379747852e-08,-9.650775031752491e-08,-4.375853897736112e-08,3.9310019541254505e-08,-2.0034295436419764e-10,3.196462575509364e-08,2.2624481463299906e-08,1.9656222077343575e-07,1.8469613037121965e-07,-1.5352232981243586e-08,-1.657558154351261e-08,-1.1490335112103472e-08,5.319702183395251e-08,-8.406907520464887e-08,-2.383756921041116e-07,4.078485683967879e-08,-8.880121928868504e-08,-1.8023446775238122e-08,-4.294577376280875e-08,-2.3115054716854354e-09,8.6418906951048e-09,5.0791676094797975e-09,-1.8909205495500467e-08,-7.047630265116972e-07,2.9079006924035786e-08,-1.1151312478278046e-07,-1.5369796451108028e-07,3.3077656522363316e-08,6.627034084727599e-08,-4.5449276719906015e-08,5.291716277698324e-08,-4.1058140603388786e-07,-5.1182087704783e-08,-6.356321326036032e-08,7.697200957787136e-08,-1.072069965842028e-07,-7.153109359732426e-08,1.5972677200451994e-08,-1.0182027756430892e-07,1.4171074896142642e-08,-2.0758399457363197e-08,-4.5773684761882587e-10,6.508372606186248e-08,2.0291662689872054e-08,-2.0105158610029358e-08,-4.52033887191247e-08,-3.864365338330772e-08,6.982133827900631e-08,-1.241609695957327e-08,1.5711060608020704e-07,-3.9144350400672957e-08,1.714915953193679e-07,8.321919807101191e-08,1.8045016173318246e-07,-4.39644301568045e-08,3.661605819367864e-08,1.3591108456553546e-07,1.2588916150798234e-08,3.767335255005862e-08,-1.375832197364983e-07,-8.112194758488973e-08,4.949903053382667e-09
12,-1.4478280942906107e-07,-2.6776800562332992e-08,2.2999414741485448e-08,1.4303371119650237e-07,1.0573597617140375e-07,-6.12870147336108e-08,5.7450748929754934e-08,-3.380977105833018e-08,-6.526790060331724e-08,-6.832407926430115e-08,1.5097021213386115e-09,2.4182834811027045e-08,1.318239649934578e-05,-6.314658775426438e-08,-2.0617563155238524e-08,3.69098710626565e-08,7.45159555276877e-08,4.944483730414073e-08,-1.1436382014926221e-08,2.778075713887046e-08,9.91367732325736e-09,-2.980821108864566e-08,-3.312003632405518e-08,-2.0856956868949857e-08,2.634587274193271e-07,-8.34866911413847e-08,-1.644806527317796e-07,-1.0287638043153877e-07,-2.130816258441549e-07,-5.8062136226724534e-09,1.0421740498799279e-07,-3.23976232699038e-08,8.318028870823786e-08,-1.302277746466023e-07,2.4346881321281114e-08,-7.674789300706723e-09,-4.54000110122091e-08,-1.5320660111722752e-07,9.845792978389737e-09,-3.6807555332915714e-08,-3.085297461185742e-08,4.9025875888365324e-08,7.004022378418989e-08,7.67093117046589e-08,3.857473351511395e-08,-2.597089910793878e-07,5.556774520109768e-08,2.5000005304158735e-08,-9.764861034606451e-08,-3.733292282542423e-08,-8.086839740920871e-09,-2.3743835694348824e-08,-2.393075501641651e-08,3.010153292131808e-08,-7.051225258672415e-07,1.7621804614175812e-08,-1.643798701780671e-08,1.2878844268975787e-07,1.4347708911310722e-08,-2.9751776760129573e-08,-7.12755201976951e-08,-4.9826274993079864e-08,-4.095785584213903e-07,6.215989525263186e-08,8.543204210076864e-08,1.5118031578475282e-07,-7.25476582458035e-08,5.1477233380122655e-08,1.417626272018563e-08,-1.0849554071249201e-07,3.9825883096821545e-08,-4.7477586301924315e-08,3.701345954752426e-08,-3.868828919120589e-08,-4.256450480998259e-08,-1.5410206295693623e-08,-1.626759997966022e-08,-2.666674810330126e-08,-4.144161600058041e-09,-4.2177905784976655e-08,1.5357759890161093e-07,2.6275148900679035e-09,-4.97746891700214e-08,-4.1685610643696e-08,1.7784061752071424e-07,-1.9957197531708572e-08,1.1032865433827824e-08,1.3481055651039331e-07,-3.3506061203446136e-08,-2.4896577021739984e-07,7.425133111012286e-09,-8.00576278866585e-08
13,-8.564575193255807e-08,-3.112795712481012e-08,-3.127263835113291e-08,8.459716269548695e-08,-1.0649582467989654e-08,1.733278821988756e-08,-3.8324328022404304e-08,-2.4302105989247885e-08,-3.784508737546823e-08,-7.394491552595438e-08,6.680527572428539e-08,6.403387955803514e-08,-6.314658775426438e-08,1.3175786985072726e-05,-6.287126993661745e-08,1.5657518542917254e-08,-6.503065638756309e-08,-2.115474742973886e-08,-3.0993954185065236e-08,-4.061543984804544e-08,9.67288070538231e-08,-1.0589639940053097e-07,2.5236590779593184e-08,2.801191348183426e-08,-8.306816052257394e-08,2.6584771667242985e-07,4.3393096994906226e-08,8.688223297204363e-09,-6.399186663492945e-09,-3.4329251901392676e-08,-1.1520857320973697e-08,-4.7731173210571985e-08,-8.97437205529152e-08,1.1020566617212744e-08,1.9622273343437823e-08,-4.5527844916983256e-08,-4.954721988363638e-10,-3.864071298162254e-08,4.66574323500582e-08,-3.54530220602919e-08,3.494140085289305e-08,-1.798764558971337e-08,7.16845632519777e-09,4.4236809452236035e-08,-9.595291979473869e-08,5.6595440185941235e-08,-2.473806319835077e-07,-5.760689928262149e-08,5.027209165815719e-08,-8.707878382491796e-09,-4.574495790510432e-08,-3.461628188872681e-08,-1.35434998734323e-07,-1.1504189394486393e-07,1.5709135735109675e-08,-6.920340051151476e-07,-6.307293752693854e-08,2.0892321237347402e-08,8.504049125313878e-08,-1.0209503147764497e-07,2.633076823325235e-09,-6.312475371838674e-08,5.989748789265375e-08,-4.0254542534244096e-07,3.707800118457712e-08,8.989958218303659e-08,6.461996857248984e-08,-3.869583381635607e-08,-1.852830481784485e-08,3.683352725069896e-08,-1.0461236936168031e-07,-7.827437737669004e-09,-4.812192586750358e-08,6.477363560878732e-08,-4.337455009507519e-08,-1.5895221209684656e-08,-1.4042869207909822e-08,3.1075924628571095e-08,-6.908701527248996e-08,1.708239540223666e-07,3.661976631727975e-09,1.543876046362711e-07,-3.461220162000818e-08,3.8456683771876905e-08,-1.695163443900625e-08,1.791597876583177e-07,3.998205359420491e-08,-3.343882356874304e-08,1.341542923416223e-07,7.765055918152604e-09,-2.58943282490101e-07,-1.3498537697039964e-07
1 2,-1.4041885483508898e-09,-6.786093593025182e-09,2.7805430174749685e-07,-1.2640889156233758e-07,2.215273724927965e-09,3.4912995539658992e-09,-2.1674219039793324e-09,1.4400141840504348e-08,1.0385695937348398e-07,-6.247591807827959e-08,-2.3997369518598567e-08,-5.819041128496615e-08,-2.0617563155238524e-08,-6.287126993661745e-08,1.3129898437370194e-05,-3.4169766176167604e-07,2.3705680947931086e-08,9.411101421663356e-08,5.5432708511611755e-08,9.351910837646717e-08,3.2828915040539683e-08,-9.299673135363852e-08,-9.911936467741203e-08,-7.749808357110399e-08,3.4742101378721653e-10,-2.5296754063980755e-08,9.221869175010525e-08,-4.3145717849070406e-08,-1.6283654432293318e-08,7.520518355986986e-08,4.690041444088183e-08,-3.370112260201805e-09,7.761658200152685e-08,8.465477923569871e-09,-5.666975996324328e-08,-8.877695000836111e-09,-4.3305009719541256e-08,3.0178752368237425e-08,2.2972701739479626e-08,-2.1015959087736657e-08,5.525466192444432e-08,-2.5927930209361425e-08,6.414883766751063e-09,-5.267943476118737e-08,1.1840106673600379e-07,-3.23635639335395e-08,2.8239978732136207e-08,-2.9179170720221896e-09,-1.0140932131728299e-08,1.0911480176029435e-07,-5.257366489818454e-08,4.836565328373376e-08,1.1225405142557394e-07,8.80123303995674e-08,1.6646299255494917e-08,4.728316970617847e-08,5.970992348821085e-08,-2.5315403241692528e-08,-1.2555535915432776e-07,-8.01223057966366e-08,1.117414508378144e-07,-6.178670509076583e-08,9.5809302271355e-08,9.525707207396061e-09,5.602674287639683e-09,2.926684644802681e-09,-7.814100484196895e-09,6.577220475880547e-09,-9.078687413159917e-08,-9.672150534933699e-09,1.7257322580098085e-08,2.666132487939795e-08,-5.163549982613482e-08,2.07107632012429e-07,1.3753886135716945e-08,-5.7914672195457016e-08,-1.0803249513498854e-08,2.7997757720642028e-08,8.747618362291026e-08,1.9024501824636532e-08,6.146000879887996e-08,1.1418120591971117e-08,8.143240011282668e-09,-3.0624937140413998e-09,3.4166311867285696e-08,8.783512723501403e-08,-9.202852435323322e-08,-9.979536176073277e-08,6.448335574858044e-08,-1.0647939705450253e-07,1.3253011503407487e-07,8.742712966982003e-08
1 3,9.205007328483393e-08,-2.467349393054122e-07,-1.2646272176990282e-07,2.7792699048369577e-07,-2.123166273745786e-08,-3.882642372249698e-08,-4.848040318421934e-09,-1.728812759026413e-08,-1.0454786955363399e-07,5.890910663092489e-09,1.0643068421636093e-07,-4.379554445726461e-08,3.69098710626565e-08,1.5657518542917254e-08,-3.4169766176167604e-07,1.313367361509857e-05,2.0967262147793993e-07,2.8506382595723814e-08,-6.975810184195852e-08,1.3558354484660435e-08,3.264169426699403e-08,1.2202964794197894e-07,1.4473891944764038e-07,-1.2634429360691863e-07,1.2236645768822392e-07,8.384692102161078e-08,-2.083153197630727e-09,3.2477916528569657e-08,2.6262979626889764e-08,-2.287720453567669e-08,5.431143711872686e-08,-2.5414824703778834e-08,1.1821234546952043e-08,-5.785767261735521e-08,1.193930309810492e-07,-3.1373678595345495e-08,2.8463908282813584e-08,-3.8149664641431065e-08,-1.6959032412281343e-08,7.228585021838225e-08,4.408220027396455e-08,4.632549603762252e-09,7.278673782921881e-08,-3.329748069607886e-10,-5.188215818664043e-08,-1.2138819903419635e-08,-3.799199255923931e-08,1.1347296997125086e-07,-3.0588743784248567e-08,9.311869564304836e-09,-5.179535968041355e-08,8.22407088343478e-09,-2.945509142994006e-08,7.298775512964546e-08,1.0382297717276546e-07,3.5071552608392466e-08,-3.506461351553846e-08,1.0419073523068908e-07,-1.151371378149137e-08,-3.053297349915789e-08,-3.211315457567621e-08,5.977050042432366e-08,1.527781046754041e-08,6.439870841966716e-08,4.431995573648157e-08,-1.2102920359306024e-07,3.424985813140916e-08,-3.1681023144117066e-08,-2.7609197383253245e-08,7.566864416986945e-08,4.768833566135204e-09,9.146058436236344e-11,-5.923006492712383e-08,1.7331898484458257e-08,1.0396774782224543e-07,7.487768109609724e-08,1.5399060744431337e-08,9.071601334313366e-09,6.175747967540147e-08,3.9989839941913165e-08,-4.4408485428417647e-08,-7.72127359593686e-08,6.024551768900462e-08,4.487412556312883e-08,3.43947695913307e-08,-3.460358639643821e-08,2.8458093303643473e-08,6.861096294754296e-09,-5.096872606773889e-08,1.0607555673888593e-07,-3.054568973858959e-08,1.318287949926722e-08
1 4,-4.94213574517593e-08,-6.985336773005887e-07,2.7382045065754205e-09,-2.5836595277038307e-08,2.703992522212451e-07,6.342463389388112e-09,-9.364354823182702e-08,-2.992203031002737e-08,6.991360157849212e-08,-8.314321138337275e-08,-2.469141842817388e-09,1.0214538397249993e-07,7.45159555276877e-08,-6.503065638756309e-08,2.3705680947931086e-08,2.0967262147793993e-07,1.3176600214567883e-05,4.514619901213484e-07,1.1680543734719027e-07,2.823688653218441e-07,-8.994752355551065e-08,-3.8744590598897903e-08,-4.866824118023574e-08,1.2094703076756078e-07,9.426571376228628e-08,-1.3645099648316694e-08,2.6651362366224328e-08,5.549001634483769e-09,4.781888764676629e-09,-9.904537543662136e-09,1.169559339415878e-07,-5.30598231216704e-08,5.028404847768544e-08,1.051207975419683e-07,8.504892621806464e-08,1.5127492649910773e-08,5.208882132685736e-08,9.79366799991409e-08,1.1586748759286805e-07,-3.052192924481289e-08,6.549863085952591e-09,-5.2223697850359184e-08,1.0233437596207192e-08,-2.6791117000448572e-08,7.565402742131066e-08,1.0487120301185173e-07,3.291438020620971e-08,-1.0813388342815631e-08,7.972623437754629e-08,5.972758267712207e-08,-1.367272210153399e-08,8.370102385307508e-08,-7.554155700818296e-09,-5.700806920082521e-08,-1.8833414067653806e-08,-2.1787949799753103e-08,-2.0089405314380175e-08,9.139685681283734e-08,-5.2256350930345825e-08,-1.1995906582974698e-08,-3.36081078283902e-08,-7.95326886870945e-08,-2.5022249604166718e-08,6.225198440249191e-08,1.131860863578626e-08,-6.302378524345934e-08,1.3748581892838794e-07,-2.4182526433371632e-08,-3.618753088195218e-08,8.991651728144374e-09,-4.6680852137817454e-08,1.5562561102793656e-08,-1.0245539240524789e-08,1.2400686310639767e-08,1.1466331357848664e-09,-7.670068511538615e-10,8.278487357177252e-08,-2.4643454576509345e-08,4.469049395701329e-08,6.973449906638055e-09,-1.2239190649485632e-07,-1.478823456833566e-07,3.170019371820262e-08,2.084827277359066e-09,5.3476071920179094e-08,-5.1070671165796895e-09,-6.499767788098776e-08,-6.458702778742921e-08,-4.793796271014913e-08,1.3359145203281924e-07,4.3781021587889236e-08,1.471746278297357e-08
1 5,-1.8094114935807754e-08,-4.083185903802649e-07,8.296593771997009e-10,-4.358784587831668e-08,6.92582248426651e-09,2.7025856535325527e-07,-4.9886524952788745e-08,-1.5512255286732235e-07,6.703003043435214e-08,-1.7509142711284486e-08,4.526769354684092e-08,1.0157451392315674e-07,4.944483730414073e-08,-2.115474742973886e-08,9.411101421663356e-08,2.8506382595723814e-08,4.514619901213484e-07,1.3142820056658871e-05,8.297820972717466e-08,3.3020036918315235e-08,-2.027814045025432e-08,3.3075589503602336e-08,-3.694008745044816e-08,1.228448234705732e-07,-5.779426130163228e-08,1.168799492473616e-08,1.9034737810224687e-08,1.9321443563269828e-10,-4.0478140504687016e-09,5.521392997026012e-08,-2.2676539777544472e-08,-1.226491804159831e-07,-8.085882232426242e-08,1.0772151765778027e-07,-6.212168211318282e-08,9.504966627164611e-08,6.637821963873707e-09,1.1466245784786762e-07,9.606809482579854e-08,-4.124717152573596e-08,1.061322625108999e-07,-1.1377444654328436e-08,-3.161417276389904e-08,-3.400329864030587e-08,5.936467430656471e-08,1.4791042751976466e-08,6.40553429057314e-08,-3.752789497328938e-08,-1.7047963048941398e-08,9.196761281274986e-08,-5.1413026167227465e-08,-1.5562013324549748e-08,-3.144769938106111e-08,-8.120504776443247e-08,-2.2226417450294997e-08,5.633577487645123e-08,6.690787939055305e-08,6.509583308898872e-08,-8.10621668560471e-09,7.277637480188705e-08,-5.952400199773758e-09,-6.417218880170131e-08,-1.993071807968147e-08,-3.054397003037719e-08,-2.389408078455122e-08,-4.2779291837901825e-08,4.6859522282919874e-08,-3.7324346959245075e-08,-1.4242006147184427e-07,2.482625265391673e-08,3.9102576567623837e-08,8.409535233928195e-08,-1.597611490787086e-07,1.2877942088432668e-08,2.7113376060951965e-08,1.825548068467553e-08,2.5000049999778754e-08,2.037886068041769e-08,6.707001444399243e-09,-2.5298023823639e-09,-5.839734042653483e-08,2.1483017338919882e-08,3.627277286399305e-08,5.85277235408623e-08,2.341492709258816e-08,4.291892823177899e-08,2.5359423861364935e-08,7.330122401205632e-09,6.966640101640637e-09,7.539503376840613e-08,3.4406071705663604e-09,-8.052354254510012e-08
