,1,1,2,3,4,5,6,7,8,9,10,11,12,13,1 2,1 3,1 4,1 5,1 6,1 7,1 8,1 9,1 10,1 11,1 12,1 13,2 3,2 4,2 5,2 6,2 7,2 8,2 9,2 10,2 11,2 12,2 13,3 4,3 5,3 6,3 7,3 8,3 9,3 10,3 11,3 12,3 13,4 5,4 6,4 7,4 8,4 9,4 10,4 11,4 12,4 13,5 6,5 7,5 8,5 9,5 10,5 11,5 12,5 13,6 7,6 8,6 9,6 10,6 11,6 12,6 13,7 8,7 9,7 10,7 11,7 12,7 13,8 9,8 10,8 11,8 12,8 13,9 10,9 11,9 12,9 13,10 11,10 12,10 13,11 12,11 13,12 13
1,1.4123316201178637e-05,2.9357840158239977e-07,-5.385489254824466e-09,-2.5819535655356034e-07,-7.778702551826112e-07,-4.64772599107272e-07,-1.3359410719022212e-07,-3.363853847796549e-08,1.6933809609649056e-07,1.9449590181757553e-07,1.5227236471761645e-07,-2.825655066328363e-07,-1.546782204855197e-07,-9.149934687213821e-08,-1.5001600448393047e-09,9.834138173866576e-08,-5.2799138618472667e-08,-1.9330785958415266e-08,7.839235802726801e-08,6.001894705618225e-08,-9.795848626843169e-09,9.18410518108977e-08,2.751803448883692e-09,-7.330155672026592e-08,-1.7755012577557e-08,-3.3136800514472794e-08,-3.7163833205627427e-07,2.769632962418899e-08,1.1526488001796158e-07,5.8634616090287596e-08,9.782137137111893e-08,5.0585698792585316e-08,-9.964432296785078e-08,-1.172555844363904e-07,-8.388786411193878e-08,1.9095124951590357e-08,-3.149028489154269e-08,2.252575416936281e-07,2.7834507687755554e-08,-5.8817942102307146e-08,-5.806838028047003e-09,3.727496353936941e-08,1.3554993862510852e-07,1.6254412621667607e-07,-1.422427098633609e-07,1.4418502144046932e-07,9.339317455185126e-08,5.015650543497375e-07,1.4308836683606106e-07,3.0362410711597695e-07,-1.063426019926777e-07,-4.945156952195554e-08,-5.840187356108872e-08,1.3811421029371938e-07,1.0680591202048005e-07,-1.1878513443500147e-08,1.0350858670419132e-07,3.8611044434789954e-08,-2.734450967789945e-08,3.590138448634123e-08,-5.1424310850989766e-08,1.4211104558589375e-07,-7.012158517086943e-08,1.2741116725957787e-08,-5.7618572346075326e-08,-1.1582008932921643e-07,-6.999730420155708e-08,1.3785378816710334e-08,-4.2714882176826775e-08,5.945340126215587e-08,-4.776699885821531e-08,1.1925386570839444e-07,-6.843220662813644e-08,-1.5994829428663764e-08,1.0723186287957184e-07,-3.7623936106523445e-08,-2.5023664610045277e-08,4.400434669566993e-08,9.812076294270458e-08,4.65043417106503e-08,-7.434240126606339e-08,-3.3965045289614426e-08,-4.098181672547227e-08,4.946649449888816e-08,-7.763354227109209e-08,-7.871155684171677e-08,-4.50496139463066e-09,1.540181683507289e-08,6.504008163617946e-08,2.8431239389540766e-08,5.475094545131389e-08,-6.808385869584263e-08
1,2.9357840158239977e-07,1.4078543052030483e-05,1.0558195095699046e-09,9.19053380419687e-08,-6.073309389575608e-08,-2.2553075731422708e-08,8.34996057208406e-08,6.69399705589408e-08,-1.0352216007529466e-08,9.781823870321113e-08,-5.3040921817208945e-09,-7.638619755781722e-08,-2.8606903524044916e-08,-3.325544679235064e-08,-7.249899937406739e-09,-2.6359843060003097e-07,-7.462760708963958e-07,-4.3622577293694946e-07,-1.084091044770583e-07,-1.6467999662142968e-08,1.618869510062908e-07,1.9372221263616756e-07,1.441444079767701e-07,-2.768957815022818e-07,-1.4494569029747254e-07,-8.966913033550705e-08,-1.268320368227502e-07,-9.452461321517054e-10,-2.955897514138386e-09,-6.80591299565379e-10,1.0498861176983672e-08,1.1037605129754032e-07,-7.142140702542762e-08,-1.9397648843706192e-08,-6.032391288864213e-08,-2.474994595103113e-08,-6.477004101604374e-08,-3.218404086248662e-08,-4.719814849832557e-08,2.3067853736815645e-09,-1.9549028857571735e-08,-1.1213611135193161e-07,3.6585538736182245e-09,1.0539188303969429e-07,-4.591900369522352e-08,4.0803191752618595e-08,1.5113822949895637e-08,-5.16379466273419e-09,-9.774026614544622e-08,-4.088094959215723e-08,7.616203404864005e-08,-9.04424058771247e-08,-2.3342044718973558e-09,1.021849525557867e-07,7.867149718748264e-08,-6.976123570256981e-08,-5.1708687778947856e-08,-1.7267940441569629e-07,7.30751791138046e-08,-2.6197145222143866e-08,4.821558959830778e-08,1.0202891410472239e-07,5.625732877072343e-08,-2.6958431542836053e-08,-6.8208273670571416e-09,1.3023837097664685e-07,-1.6230521659080478e-07,4.4716136349880967e-08,-9.758476325829744e-09,-1.107682366951069e-08,-3.3588022095128844e-08,2.9566700537653557e-08,-2.6818154120209654e-08,-2.2988986916344135e-08,-9.968323616896715e-09,3.4834512075749684e-08,-4.867794040183171e-08,-2.8914028719032466e-09,-1.3858584285728444e-08,9.05923846338715e-09,6.704945140785568e-09,1.0390721348723423e-07,-4.920244425122908e-08,-7.663322624013389e-08,-2.9012220022412786e-08,-1.1299332797202384e-07,-7.248270673586196e-08,-3.5922361382570995e-08,2.6657038343320235e-08,-2.1254043247069277e-08,2.1900796879296554e-08,-8.640617930609797e-08
2,-5.385489254824466e-09,1.0558195095699046e-09,1.4096253906319394e-05,-3.8013187171721706e-07,2.728598110563337e-08,1.1397153213992471e-07,6.341137444688871e-08,9.807127166265421e-08,5.722007289686413e-08,-1.0411506529883746e-07,-1.1973263141411329e-07,-9.481717390106941e-08,2.4571346269975946e-08,-3.341001648687116e-08,2.9705836461005783e-07,-1.351060173390836e-07,2.9253514424310013e-09,8.863637650107349e-10,-1.5684688719125994e-09,1.2715659591995046e-08,1.106127239252665e-07,-7.2485998156876e-08,-2.1547905863385995e-08,-6.412876456319965e-08,-1.5861989583645918e-08,-6.432086098071762e-08,-2.676465391220679e-07,-7.580050786715956e-07,-4.4091093527678305e-07,-1.1560416491720789e-07,-2.2209839676397975e-08,1.5668457497366572e-07,1.9721147276041144e-07,1.4746747104452124e-07,-2.774152755431251e-07,-1.3561679719553504e-07,-8.878197579627938e-08,1.1920064039072771e-07,3.011552249069175e-08,7.736904988468828e-08,6.656119409345742e-08,2.7590733864366904e-08,-4.0175987315056685e-08,4.340420422102502e-09,6.858219810590247e-08,-1.7496229551922623e-07,4.5504811994953605e-08,-7.24416142453028e-08,-1.460888729213948e-09,2.7378210843041188e-08,-1.0997751490623063e-07,1.050622374736114e-07,6.08568746601149e-08,9.498565706327977e-08,-1.1475964784446847e-07,7.468248042110343e-09,-8.313159682786168e-08,-2.5467766669908807e-09,-1.1946983305556676e-07,-3.540641881214563e-08,1.2498548275063788e-07,-3.8702593584591335e-08,-2.266049001542341e-07,-9.683340402210452e-09,-3.8552301857262326e-08,4.440978593586241e-08,9.152700802762309e-08,-5.059611166326532e-08,-1.5845724581469195e-08,-1.0014693574307384e-08,-3.474765267897988e-08,5.1040545904971256e-08,2.1301801226324653e-08,6.098947692466648e-08,2.155879450965628e-08,1.0804614349575531e-07,-1.5230387532050024e-08,1.1317819272006128e-07,6.6945400893015425e-09,-1.0997694010723593e-07,-2.932187293384594e-08,-5.254778948030498e-08,-7.974682858022911e-08,-4.869465249699506e-08,8.951520466669724e-08,-9.185902425036715e-08,4.172627076731252e-08,-1.4141766256038577e-07,9.496430140699059e-09,2.303504649000034e-08,2.5966333616838975e-08,-4.5097746034372415e-08
3,-2.5819535655356034e-07,9.19053380419687e-08,-3.8013187171721706e-07,1.4109562879224603e-05,2.2116204380904286e-07,1.8072564781475333e-08,-6.569396484865036e-08,-1.3662178576930994e-08,3.58697967683262e-08,1.4216577052808162e-07,1.705633766361109e-07,-1.634693578398978e-07,1.5280957735631516e-07,9.037909013827577e-08,-1.3504850802048845e-07,2.969223520557348e-07,-2.7602438415279927e-08,-4.65669264316806e-08,-3.5806690969392646e-09,-1.6720797716912397e-08,-1.0697372235071558e-07,3.292532978166652e-09,1.1571228096009812e-07,-4.809458638807457e-08,3.955521129869228e-08,1.6678343597565478e-08,-1.0277962752068197e-10,1.2854631926739055e-07,3.5161609107571184e-08,7.895142928337347e-08,6.959029312050778e-08,3.410648698059566e-08,-3.968106095073632e-08,-2.155167507131283e-09,6.126760325581625e-08,-1.7695679663297545e-07,4.917081222826679e-08,-7.643348778962516e-07,-4.4213323429649126e-07,-1.1699909336261115e-07,-1.81845046598316e-08,1.6656131909589183e-07,1.9029080616445584e-07,1.431553125133524e-07,-2.679657423036431e-07,-1.4119883349252488e-07,-8.584780571268027e-08,8.328195603249112e-08,-1.1612880748917816e-07,1.3407749227155863e-07,6.591454933804816e-09,-1.5704823518825145e-07,-7.476324809130944e-08,2.0623818663953172e-07,-1.65411817191289e-07,-3.982589486513353e-08,4.006773224334309e-09,2.7970799975890674e-07,-5.7174648060053386e-08,-2.4498270238894078e-08,-1.1566023020949297e-07,1.9421554193668098e-07,1.128243135179411e-08,5.420568123774963e-08,9.596141052506065e-08,-3.369662937677922e-08,-8.155182812520214e-08,2.576032907216336e-08,-1.3785647280007824e-08,-3.664924976207918e-08,-3.598712818908952e-08,2.3031937532488424e-08,1.1629352941425423e-08,2.914975969097524e-08,-1.6408121262982123e-08,-3.4932409993803964e-08,4.016962198465829e-08,2.037351413294676e-08,-4.758698088189565e-10,-1.759084449019201e-08,4.974057645648967e-08,-2.1302092956988872e-08,-1.6732281227970888e-09,5.3204819122263354e-08,7.384516429688601e-08,4.111759738619737e-09,-8.989034000081542e-08,8.476473863291004e-08,4.6801776796012546e-08,4.149883204367829e-08,-9.982000909740246e-08,5.2885685843660926e-08
4,-7.778702551826112e-07,-6.073309389575608e-08,2.728598110563337e-08,2.2116204380904286e-07,1.4112820200298287e-05,5.05672666629301e-07,1.453348900790566e-07,2.954408051972372e-07,-1.0479585031436268e-07,-4.35158931908349e-08,-6.461342750733554e-08,1.3722831330302647e-07,1.1296266939415551e-07,-1.13774450955763e-08,2.3666801259860617e-09,-2.268277444766529e-08,2.888801185660805e-07,7.3991788216392836e-09,-9.399984903095842e-08,-2.802039596019772e-08,7.764525070963504e-08,-8.686931305862011e-08,-7.4451028961476275e-09,1.0810102640536325e-07,7.882985645945116e-08,-7.027461201942589e-08,1.0358849384620979e-07,-6.2768594445062986e-09,-7.096998791902925e-08,1.0068413371534408e-08,3.1243792925792464e-08,-1.1165117828483134e-07,9.870657981504788e-08,5.512537723536055e-08,8.59918358597366e-08,-1.1083990856617955e-07,5.772783856846117e-09,-2.658751458234905e-07,7.419869957159658e-08,-1.2423758718496782e-07,1.2658135686399516e-07,5.420237621725316e-09,-1.5200989580724038e-07,-6.268099286569597e-08,1.985120486346489e-07,-1.5654354563223272e-07,-3.693433937119084e-08,-4.615399673404965e-07,-1.2907603241846484e-07,-2.8161448281201856e-08,1.6610347264054448e-07,1.9060227991099755e-07,1.458116762695904e-07,-2.7318931101460297e-07,-1.5777387884837703e-07,-8.798914850484094e-08,-5.971397464669072e-08,8.474834281334388e-10,-8.088355135858159e-08,-3.251140757119334e-08,7.859918629373754e-08,-2.273667474669991e-08,2.019663865041992e-08,-6.230702935541851e-08,-7.046632191423673e-08,4.9510264657561176e-08,2.495976729475944e-08,4.336260995579425e-08,-4.805516950837395e-08,-1.0659701527401243e-07,5.496169508896581e-08,-2.816078313912465e-08,5.6064068066323004e-08,-4.9495443988100104e-08,2.7018255029171097e-09,-4.3859506784896865e-08,-6.778971181573813e-09,-4.6529450355952385e-08,1.2193480745392484e-08,1.2855305077222291e-08,-3.78579317054195e-09,-4.896674849342463e-08,1.5596001411489638e-08,9.201912680056054e-09,-2.8053356432912578e-08,-3.9415203093032e-08,-1.644832610110006e-08,-3.1760409152864495e-08,-1.3743493918001708e-07,3.1641490590248996e-08,-1.193196968321418e-07,1.541168249319069e-08
5,-4.64772599107272e-07,-2.2553075731422708e-08,1.1397153213992471e-07,1.8072564781475333e-08,5.05672666629301e-07,1.4109006964688422e-05,1.039552602593282e-07,2.0198228694027404e-08,-2.2879053924339523e-08,4.1410897283623447e-08,-4.722513723194669e-08,1.4423873969256244e-07,-6.547577309245078e-08,1.8517425158946046e-08,3.729917966911192e-09,-4.1480077316465895e-08,6.775949122922564e-09,2.8872981623065717e-07,-4.6518100611016917e-08,-1.6353991578901244e-07,7.337008497455948e-08,-2.1946339206398923e-08,4.9031424962668866e-08,1.0892559030398453e-07,6.174309105238646e-08,-2.6330619310968857e-08,2.0979996967346154e-08,-7.453040195813506e-08,-1.0289027824149959e-08,-8.152464052201554e-08,-4.7587153289925846e-09,-1.1501600719337827e-07,-3.951100943632156e-08,1.1780715378514405e-07,-4.219083840235611e-08,-2.2384296875576175e-07,-1.1059919881218638e-08,7.947784352171078e-08,-2.622665782226347e-07,3.580973638498945e-09,2.79036528692151e-07,-5.4389281208801945e-08,-2.1894377490309414e-08,-1.0209801689071807e-07,1.8933100744890156e-07,1.5200348578861627e-08,5.7060254115617e-08,-7.700652883301302e-07,-6.075086041979708e-08,8.327334125716029e-09,-8.032346252353172e-08,-4.172462765447234e-08,7.86699605395229e-08,-2.958346957415661e-08,2.2393304542047596e-08,-6.554488415341945e-08,-1.247892806357187e-07,-2.1695432484343076e-08,1.601924943657281e-07,1.867438792844476e-07,1.5399691086135918e-07,-2.7883915378972865e-07,-1.5042568231445798e-07,-9.264231118957022e-08,7.417329493950131e-09,2.8654996171510625e-08,-4.4244876086334856e-08,-3.074870258157503e-08,-1.7129382101263846e-07,-2.0684671775807287e-08,-6.576294626252608e-08,4.917754581794223e-08,6.879680918068583e-09,1.0297624249652849e-07,3.756927764005976e-08,1.3480118144702644e-07,2.2795288692985278e-08,-7.917075662497671e-08,-5.5851561563173246e-08,6.86418833356522e-08,2.355128139169302e-08,9.211594368143512e-08,8.401072411652887e-08,-5.337244898223403e-08,-3.3864082855134345e-08,-1.1100316172554541e-07,5.6691664628082264e-08,-7.600356973032754e-08,7.3722039357812345e-09,-5.522029499358802e-08,-6.709008272922424e-08,6.566281512189612e-08
6,-1.3359410719022212e-07,8.34996057208406e-08,6.341137444688871e-08,-6.569396484865036e-08,1.453348900790566e-07,1.039552602593282e-07,1.4084425205713197e-05,-6.227818670357884e-08,-1.123051549025214e-07,-7.58730497083862e-08,1.1681987145687807e-08,-4.156466078822605e-08,6.13773116094208e-08,-4.094366508831516e-08,-2.3155577963357813e-09,-5.179387333708131e-09,-1.0004376526168969e-07,-5.329609873114533e-08,2.8056006492399826e-07,-5.153121837877398e-09,1.2510675396929632e-07,-1.6753520428713202e-07,4.311010757437688e-08,-4.785416049405969e-09,-1.4296248054314457e-08,-3.594211094089897e-08,7.622646438378379e-08,1.1797960189601418e-09,-9.040535696750213e-08,-2.26548391950998e-09,-3.793137363493492e-08,3.973407326004807e-08,8.6956776458744e-08,-5.331656989622614e-08,-1.620622975355452e-08,-1.1985302529502227e-08,-3.870036497807532e-08,-1.2007373188961655e-07,7.408606655112217e-09,-2.690883660316675e-07,9.600090258345895e-08,-2.992224224837167e-08,-7.852487013593274e-08,2.5626049659536917e-08,-1.4707129174757173e-08,-4.148229274750691e-08,-3.3446859576148416e-08,-5.911769276596313e-08,-7.477466331878059e-07,-6.806931606207727e-08,5.350830081227424e-08,2.6539646228723365e-08,4.3750840078692485e-08,-4.683244507376819e-08,-1.0801543927283327e-07,5.405407845997621e-08,-4.3401142231092687e-07,1.9589341581484582e-08,3.106283972050496e-08,-4.125543632059153e-08,-3.510550637371608e-08,-1.6552815709265144e-07,-1.9533883995727385e-08,-6.464026967966773e-08,-1.84351049733178e-08,1.7064262394609081e-07,1.8662288394992507e-07,1.4538124892160324e-07,-2.7153614932308967e-07,-1.5215825554589365e-07,-8.575633460092535e-08,-5.385225000240622e-10,1.0483739290486176e-07,2.600395007640063e-08,9.216592503169215e-08,9.149803805334625e-08,3.878308115874557e-08,-1.2166926215462817e-07,-1.103800205395996e-07,-1.161403937296589e-07,1.6564157919867222e-07,9.656925203881449e-08,-5.4124976677521136e-08,-8.107390555481677e-08,-7.915503359362184e-08,6.9855422368752e-08,1.5961664445745907e-08,5.423157561400805e-08,-4.062729888817519e-08,1.80878529147782e-08,-1.9743631904579766e-08,4.522961156905949e-08
7,-3.363853847796549e-08,6.69399705589408e-08,9.807127166265421e-08,-1.3662178576930994e-08,2.954408051972372e-07,2.0198228694027404e-08,-6.227818670357884e-08,1.408736611244042e-05,1.1982945617654127e-07,-7.53424926726274e-08,-1.5834463433070992e-08,1.0865610953616127e-07,-3.6120553558450545e-08,-2.5963072020018686e-08,1.5384342405094977e-08,-1.8469712127660382e-08,-3.196709899414218e-08,-1.6572465011079028e-07,-6.756438746441884e-09,2.842032819429452e-07,2.955278976989123e-08,-2.7497579065006616e-08,-2.3999147106296394e-08,-3.6400584162321447e-09,3.298683526418518e-08,-4.412110051507161e-08,7.010486520523855e-08,2.7979825167856923e-08,-5.4042176954536754e-09,-4.5914831165982704e-08,-2.5625393159608873e-10,5.725067710816825e-08,2.2289959151122447e-08,6.045589194617861e-08,2.051003759058206e-08,1.164769779951435e-07,-1.2117111757788419e-08,1.2882101229844264e-07,2.7910224555804394e-07,9.248943897869574e-08,-2.5884034609285047e-07,2.186843319372682e-08,1.3976025685463135e-08,3.208328258108949e-08,-2.421457515832536e-08,-3.099503188407357e-08,3.8807357416218275e-08,3.971901085015367e-09,-6.694597001258051e-08,-7.462287282573483e-07,-2.9660027249550995e-08,6.318999326980777e-08,-4.9757724584596815e-08,8.600539771751535e-11,-3.8594673633872164e-08,-7.829779091361336e-09,1.4502741028232539e-08,-4.2899722846344777e-07,4.618626894047467e-08,1.016927098836641e-08,1.0340201695425126e-07,3.409716062306379e-08,1.3867889397010318e-07,2.487625813391213e-08,-1.1386180903890634e-07,-3.1713555080664055e-09,1.0551478568846732e-07,2.4108750712148344e-08,9.591643138543373e-08,9.018741168870528e-08,4.052098722352724e-08,1.630378668069706e-07,1.9900107495465306e-07,1.4332764453586253e-07,-2.737254855200364e-07,-1.489719650979257e-07,-8.628518041054238e-08,1.5946540761946953e-07,4.090007247066886e-08,-5.247797615278608e-09,-5.060041379493376e-08,-1.1546286134107262e-08,3.045415820682453e-08,7.208576751006033e-08,3.577863146473576e-08,-5.006945239161003e-08,2.0282791181834922e-08,-4.299630120609218e-08,7.604900209254054e-08,-5.069908443604906e-08,-4.3497799095435185e-08,-1.6277364012663137e-08
8,1.6933809609649056e-07,-1.0352216007529466e-08,5.722007289686413e-08,3.58697967683262e-08,-1.0479585031436268e-07,-2.2879053924339523e-08,-1.123051549025214e-07,1.1982945617654127e-07,1.4084954100097172e-05,5.042077094807749e-08,1.0573514481727027e-07,4.683984311319003e-08,-6.972873892941944e-08,-4.0431669978227715e-08,1.1095522820890185e-07,-1.1169335974262716e-07,7.469195771610821e-08,7.161130432239503e-08,1.2285186837102335e-07,2.8635876900899702e-08,2.8048744000684056e-07,-3.161637634416008e-09,-1.1671591353234307e-08,8.977667962105535e-09,5.024804202245302e-09,1.039470495029743e-07,3.0282764251431035e-08,-1.0685688233343162e-07,-1.1408566477399813e-07,4.148411178781075e-08,5.3689298758680947e-08,3.0967206160023593e-09,1.1758799865594279e-07,1.577028990231267e-08,-1.064874432120759e-07,-3.621035502804812e-08,-5.082874432563459e-08,2.707933220179429e-09,-5.649492178297743e-08,-3.0887161993139274e-08,2.0360803858524772e-08,-2.6454024388738453e-07,1.7600020674436735e-08,1.0022967650487109e-10,-9.672042720803365e-09,4.607353160971864e-08,-1.6672899611411358e-08,-8.440152748780117e-08,5.342148345757048e-08,-3.3073436759480116e-08,-7.453931486754757e-07,-4.809194759231828e-08,1.0964845136954606e-08,8.760307572423816e-09,-1.1244755699280979e-08,-5.1553118981604125e-08,3.1285225902871656e-08,4.421847722701529e-08,-4.316786535349999e-07,-8.65425109554619e-08,-5.7229592697814904e-08,6.53057276585299e-08,2.0300190938645878e-08,8.865116939001675e-08,-2.694793868247858e-09,-1.1536710760798258e-07,-1.18742343335431e-07,-1.133257916636677e-07,-1.1478871000579907e-07,1.5962533343184394e-07,9.785922559640536e-08,-1.3343491834771656e-08,1.5302934896280703e-07,4.528132342052142e-08,-5.2192298524045255e-09,-5.306564733227089e-08,-1.144434986031534e-08,1.9926089598318536e-07,1.4880617326173388e-07,-2.7291672015489077e-07,-1.4843683124893326e-07,-8.574224775772168e-08,1.1549363522511674e-07,6.803364970540025e-08,-2.9224470313776558e-08,2.8793335781376786e-08,-1.6426461768838547e-08,-9.047929160896272e-09,-6.966507271297194e-08,-4.076240136490006e-08,1.8421866652200771e-07,5.346566346929649e-09
9,1.9449590181757553e-07,9.781823870321113e-08,-1.0411506529883746e-07,1.4216577052808162e-07,-4.35158931908349e-08,4.1410897283623447e-08,-7.58730497083862e-08,-7.53424926726274e-08,5.042077094807749e-08,1.4084404779829261e-05,-5.0725770504549263e-08,4.659271251935009e-08,-7.299379697485287e-08,-7.899879821789748e-08,-6.674593392444344e-08,6.293534308386077e-09,-8.882576621454985e-08,-1.87058328781461e-08,-1.6376313962684394e-07,-3.056026654446142e-08,-2.9721325558625963e-10,2.892352709390415e-07,-4.703918751435182e-08,-7.557932463537817e-08,-2.825986360268634e-08,-1.1273045295629098e-07,-3.934893331184349e-08,1.0515400309717178e-07,-4.0533397315028984e-08,9.563326352186017e-08,1.696896882640311e-08,1.1312720696973231e-07,-6.925825330810611e-09,-7.539039000978081e-08,-4.4992941059355035e-08,8.925458866469767e-08,-9.208229562640711e-08,-1.6352698111893257e-07,-2.4940655708301203e-08,-8.12397497063907e-08,1.0751842192012374e-08,2.3379742612487796e-08,-2.597899416885977e-07,-3.6857099437313867e-09,5.479695257187462e-08,7.408995709119408e-08,8.637371970189384e-09,-4.434541405374065e-08,2.506718116168919e-08,5.6779533886369954e-08,-4.925514552305278e-08,-7.508852561663471e-07,2.30355855164339e-08,2.384956765903305e-09,-2.7194873129899638e-08,-3.810506919677603e-08,-4.188703258695528e-08,9.998142157391623e-09,-8.755188553090675e-08,-4.2771570871791147e-07,8.302506900735762e-08,-5.265279448165501e-08,-2.48473797369069e-08,-1.1078703787165668e-07,1.0714315100708551e-07,-1.177712389450165e-07,-1.1720915697093547e-07,-5.1066433028667795e-08,-8.126277271923047e-08,-8.358265509895895e-08,7.193580340956096e-08,1.5270569484731082e-07,-1.9306309816270686e-08,2.618002431660247e-08,6.903387637376886e-08,4.2849195346075826e-08,-5.367935718781354e-08,1.6168013911538365e-07,1.1291685994270493e-07,6.792075402442276e-08,-2.6294136063710418e-08,3.1304621254606745e-08,1.4431046543649463e-07,-2.710370888017972e-07,-1.4677487529846057e-07,-8.46333502061179e-08,8.771548515953863e-08,-4.8660884241331635e-08,-4.0764004798708806e-08,-4.248763797205803e-08,4.040454048128387e-08,-1.598329062703599e-08
10,1.5227236471761645e-07,-5.3040921817208945e-09,-1.1973263141411329e-07,1.705633766361109e-07,-6.461342750733554e-08,-4.722513723194669e-08,1.1681987145687807e-08,-1.5834463433070992e-08,1.0573514481727027e-07,-5.0725770504549263e-08,1.4077877673218729e-05,-5.12005805364815e-10,1.6128851105509657e-09,7.137118839471026e-08,-2.5637507851296232e-08,1.1370485836379008e-07,-2.6378992635894396e-09,4.836158595706707e-08,4.6631634463255566e-08,-2.4750475202706772e-08,-1.3909392794245923e-08,-5.182174612660449e-08,2.9136871310557264e-07,-6.86248728078721e-08,-3.500723339211319e-08,2.727527347787548e-08,7.226186583951438e-09,6.024908176655341e-08,1.2670171581139884e-07,-5.414725826801982e-08,6.03122494062654e-08,1.2539187104565232e-08,-7.481683643011401e-08,-4.56594247514334e-09,4.0236423785444675e-08,-1.3895059011846537e-07,1.194843811288467e-08,-7.522169474831069e-08,-1.1063926941427558e-07,2.664205933522239e-08,2.819703030182246e-08,1.4720526015776984e-09,-1.8408957862888362e-09,-2.563052986823279e-07,-9.039375785085353e-08,8.262754277695296e-08,4.745856178368036e-08,7.737879555002932e-08,4.079179135224121e-08,-5.013965125150787e-08,7.768002399865914e-09,1.9966774771688427e-08,-7.417383633116158e-07,-2.0055694346481136e-08,-2.651896558379083e-08,-1.4080649054313717e-07,-3.905228616004282e-08,1.0283271876223451e-07,-5.713962949052255e-08,8.369079406831841e-08,-4.389876215573161e-07,5.593438849486963e-08,-7.055217853908742e-08,3.982692556458714e-09,2.7664922079640683e-08,-1.1145679134500156e-07,-5.1142450955888725e-08,-1.1013390415020206e-07,1.4302810947824511e-08,5.817334644997828e-08,-4.164351616472559e-08,4.0826648478102816e-08,2.6936355665459816e-08,-1.6259443390818165e-08,1.9660229866092203e-08,-4.212152573205699e-08,7.36507088904907e-08,1.1369879527518888e-07,1.6155097260461148e-07,-1.3933524787033512e-08,-6.851623528154901e-09,-7.180537597674978e-08,1.942312144510281e-07,8.891370610664414e-08,-4.7419263386878544e-08,-4.036416779950231e-08,-2.7585980684030403e-07,-1.3616749074662456e-07,-8.24263286944058e-08,1.3826825975940439e-08,4.272365926717755e-08,-3.759553522857288e-08
11,-2.825655066328363e-07,-7.638619755781722e-08,-9.481717390106941e-08,-1.634693578398978e-07,1.3722831330302647e-07,1.4423873969256244e-07,-4.156466078822605e-08,1.0865610953616127e-07,4.683984311319003e-08,4.659271251935009e-08,-5.12005805364815e-10,1.408653388472608e-05,2.5835649063694235e-08,6.841037675590852e-08,-6.216752736304075e-08,-4.678882049987643e-08,1.091266724687902e-07,1.0851678539926104e-07,-6.0286752038346005e-09,-2.31332199186417e-09,9.903081169860178e-09,-7.520755353466026e-08,-6.921510998074943e-08,2.9353260880080156e-07,-2.1106828781268333e-08,2.7587593210848865e-08,5.96815809836238e-08,9.550335023290548e-08,-3.375237988969958e-08,-1.71802911171392e-08,2.0573210482340886e-08,-1.0310372578789936e-07,-4.674928582167633e-08,4.199672525950987e-08,-2.1403571176762695e-10,3.4149298868979405e-08,2.4170787581418678e-08,2.0999657793499184e-07,1.9731948073834993e-07,-1.6401505726972153e-08,-1.7708465989668298e-08,-1.2275660314446874e-08,5.683285677942846e-08,-8.981490966916061e-08,-2.546678573724873e-07,4.3572362655451635e-08,-9.48704796562759e-08,-1.9255287870175368e-08,-4.58809708776906e-08,-2.469488984312242e-09,9.232534439830217e-09,5.426311386552856e-09,-2.0201585176948102e-08,-7.529311748728746e-07,3.1066457835933783e-08,-1.1913466640272284e-07,-1.6420269600079022e-07,3.533840149176875e-08,7.079969254394081e-08,-4.855557972048817e-08,5.653387031073466e-08,-4.386432443202539e-07,-5.468020877705503e-08,-6.790754202260049e-08,8.223278382046471e-08,-1.1453422903336196e-07,-7.641999979589028e-08,1.7064355191740314e-08,-1.0877934614679294e-07,1.513961951661363e-08,-2.217716523704937e-08,-4.89021599453229e-10,6.953197668642046e-08,2.1678528603906358e-08,-2.1479277606518493e-08,-4.8292886113770777e-08,-4.12848152481664e-08,7.459338853488522e-08,-1.3264694825689567e-08,1.6784857997796274e-07,-4.181973319839729e-08,1.83212460766757e-07,8.89069463330388e-08,1.9278331463024086e-07,-4.6969248960777946e-08,3.911864084504784e-08,1.4520014349600218e-07,1.3449325619012594e-08,4.0248197663423896e-08,-1.4698656340093235e-07,-8.666635593156081e-08,5.288212039069538e-09
12,-1.546782204855197e-07,-2.8606903524044916e-08,2.4571346269975946e-08,1.5280957735631516e-07,1.1296266939415551e-07,-6.547577309245078e-08,6.13773116094208e-08,-3.6120553558450545e-08,-6.972873892941944e-08,-7.299379697485287e-08,1.6128851105509657e-09,2.5835649063694235e-08,1.4083368324555194e-05,-6.746244158460011e-08,-2.2026703254177853e-08,3.943253482119358e-08,7.960886685548277e-08,5.282422323865613e-08,-1.2218019707154e-08,2.9679477107303342e-08,1.0591243344952704e-08,-3.18455006173059e-08,-3.538367780831542e-08,-2.2282458711461146e-08,2.814652325735394e-07,-8.919272164214235e-08,-1.757223441731455e-07,-1.0990763004180056e-07,-2.2764502798161337e-07,-6.203048514221542e-09,1.113403090513989e-07,-3.461189028663181e-08,8.886537764806957e-08,-1.3912839873434934e-07,2.601090759323252e-08,-8.1993349646684e-09,-4.850294686975424e-08,-1.6367774959539455e-07,1.0518719336720263e-08,-3.932322616040443e-08,-3.296167016281922e-08,5.237662723951933e-08,7.48272341175575e-08,8.195213144388722e-08,4.121118494212146e-08,-2.774592145480647e-07,5.9365611000316296e-08,2.6708670372020317e-08,-1.0432255970701893e-07,-3.9884500728584246e-08,-8.639547646643103e-09,-2.5366645855162267e-08,-2.556634047516448e-08,3.215886999649004e-08,-7.533152447828353e-07,1.8826194837721704e-08,-1.756146734757353e-08,1.3759069334894777e-07,1.532832586408092e-08,-3.178520919497761e-08,-7.614695882635832e-08,-5.323173089225034e-08,-4.37571855494944e-07,6.640831201686506e-08,9.127103070247828e-08,1.6151297457369791e-07,-7.750604316979165e-08,5.499552665233016e-08,1.5145161910730208e-08,-1.1591084075658243e-07,4.2547846329083664e-08,-5.072251734227841e-08,3.954320322558027e-08,-4.133250176124657e-08,-4.5473643492746994e-08,-1.6463441319672284e-08,-1.7379434936693905e-08,-2.8489329354913843e-08,-4.4274009064278924e-09,-4.506062174337519e-08,1.6407410381257538e-07,2.807096568284522e-09,-5.317661935418564e-08,-4.453467990879386e-08,1.8999541697405787e-07,-2.132120389330607e-08,1.1786924144449906e-08,1.440243981030577e-07,-3.5796086171178324e-08,-2.6598173119373447e-07,7.932615626181936e-09,-8.552929361318693e-08
13,-9.149934687213821e-08,-3.325544679235064e-08,-3.341001648687116e-08,9.037909013827577e-08,-1.13774450955763e-08,1.8517425158946046e-08,-4.094366508831516e-08,-2.5963072020018686e-08,-4.0431669978227715e-08,-7.899879821789748e-08,7.137118839471026e-08,6.841037675590852e-08,-6.746244158460011e-08,1.4076307072531828e-05,-6.716830673344261e-08,1.6727656515217093e-08,-6.947527988094509e-08,-2.2600602241082293e-08,-3.31122852088636e-08,-4.339136659045473e-08,1.0333989099792517e-07,-1.1313405700366378e-07,2.6961425657521603e-08,2.9926432197652655e-08,-8.874558588347295e-08,2.840175010913708e-07,4.635886712653063e-08,9.282033717206344e-09,-6.836549239284767e-09,-3.6675539144778695e-08,-1.2308268612158122e-08,-5.099343605094777e-08,-9.587739766630322e-08,1.1773784745680119e-08,2.0963388779456803e-08,-4.8639517785777734e-08,-5.293360331815282e-10,-4.1281673880058064e-08,4.984630866599233e-08,-3.787611515997495e-08,3.7329526388592655e-08,-1.9217039795765992e-08,7.658395857783362e-09,4.726024445175225e-08,-1.0251097449184393e-07,6.046354543109815e-08,-2.6428825416970883e-07,-6.154413430615414e-08,5.370801760535447e-08,-9.303032160514222e-09,-4.8871469705893735e-08,-3.6982186652462114e-08,-1.446915188225295e-07,-1.2290461489762816e-07,1.6782801566389033e-08,-7.393321682925728e-07,-6.738375761551541e-08,2.2320240113782992e-08,9.085271869030076e-08,-1.0907287855270384e-07,2.813038640703864e-09,-6.743911526686331e-08,6.399127683268307e-08,-4.300580317655961e-07,3.961215606332342e-08,9.604391190707681e-08,6.903652295489068e-08,-4.1340562035785116e-08,-1.979465123752647e-08,3.9350973170157525e-08,-1.1176226789249389e-07,-8.362416401493194e-09,-5.1410895318816054e-08,6.920069260884e-08,-4.63390526093742e-08,-1.6981605348267326e-08,-1.500265140700052e-08,3.3199858052517446e-08,-7.38088770562267e-08,1.8249918846495517e-07,3.912260240624575e-09,1.6493947067563305e-07,-3.6977827511297565e-08,4.1085066901694665e-08,-1.811022081755678e-08,1.9140474788983984e-07,4.27146905471428e-08,-3.572425307354371e-08,1.4332328051738435e-07,8.29577099744629e-09,-2.766411723891343e-07,-1.442111669450554e-07
1 2,-1.5001600448393047e-09,-7.249899937406739e-09,2.9705836461005783e-07,-1.3504850802048845e-07,2.3666801259860617e-09,3.729917966911192e-09,-2.3155577963357813e-09,1.5384342405094977e-08,1.1095522820890185e-07,-6.674593392444344e-08,-2.5637507851296232e-08,-6.216752736304075e-08,-2.2026703254177853e-08,-6.716830673344261e-08,1.402728219915575e-05,-3.650515311436571e-07,2.532588336200272e-08,1.0054318095166368e-07,5.922134501382035e-08,9.991082036677819e-08,3.507265937831527e-08,-9.935274065667801e-08,-1.0589383507901445e-07,-8.279481317628271e-08,3.7116605475328876e-10,-2.7025700897132792e-08,9.852152470074818e-08,-4.609458046008173e-08,-1.739658665639011e-08,8.034520127216578e-08,5.010589775372076e-08,-3.60044793508348e-09,8.292141057013364e-08,9.044064457243567e-09,-6.054294471161559e-08,-9.484455165344344e-09,-4.626475938642943e-08,3.2241367129150063e-08,2.4542807525422083e-08,-2.2452328189420416e-08,5.903112954987695e-08,-2.7700015778612052e-08,6.8533191859954156e-09,-5.627989439613635e-08,1.2649337568826245e-07,-3.457550311083019e-08,3.0170084929702825e-08,-3.1173467485851737e-09,-1.083403024423777e-08,1.1657242618421565e-07,-5.6166895523861455e-08,5.167128067239969e-08,1.1992623285366784e-07,9.402767290310744e-08,1.7784017015990868e-08,5.051481303552122e-08,6.379089304112618e-08,-2.7045624682514154e-08,-1.3413663958446138e-07,-8.559839203764482e-08,1.1937859776461862e-07,-6.60096155806806e-08,1.0235754120072927e-07,1.0176756795343444e-08,5.985597960072012e-09,3.126713555052126e-09,-8.348167592250125e-09,7.026751055335725e-09,-9.699184723307305e-08,-1.0333209024684928e-08,1.8436801700149603e-08,2.8483535472159626e-08,-5.5164610069955954e-08,2.2126273205347983e-07,1.4693917327771768e-08,-6.187294244752654e-08,-1.154161475936692e-08,2.9911308938479367e-08,9.345488232348406e-08,2.032476161681417e-08,6.566059071186228e-08,1.219851017824399e-08,8.699802683058456e-09,-3.2718047108217778e-09,3.6501462715257086e-08,9.38383585068362e-08,-9.831836001111048e-08,-1.0661603425662253e-07,6.889057311056085e-08,-1.1375690055822084e-07,1.4158809623221206e-07,9.340247570006173e-08
1 3,9.834138173866576e-08,-2.6359843060003097e-07,-1.351060173390836e-07,2.969223520557348e-07,-2.268277444766529e-08,-4.1480077316465895e-08,-5.179387333708131e-09,-1.8469712127660382e-08,-1.1169335974262716e-07,6.293534308386077e-09,1.1370485836379008e-07,-4.678882049987643e-08,3.943253482119358e-08,1.6727656515217093e-08,-3.650515311436571e-07,1.403131539740176e-05,2.2400302979776228e-07,3.0454696588453574e-08,-7.452583010311442e-08,1.448502175547777e-08,3.4872642703655054e-08,1.3036995803972206e-07,1.5463133077361214e-07,-1.3497949501521102e-07,1.3072978758299997e-07,8.957757200565448e-08,-2.2255296114150736e-09,3.4697671315584037e-08,2.8057964680711415e-08,-2.4440783413555277e-08,5.8023438546770246e-08,-2.715184126232927e-08,1.2629175596709158e-08,-6.181204714273185e-08,1.2755313730508657e-07,-3.3517962487047945e-08,3.0409319301169205e-08,-4.075706406116654e-08,-1.8118124417064922e-08,7.722634145692922e-08,4.70950682636394e-08,4.949168563909746e-09,7.776146302704493e-08,-3.5573249897764627e-10,-5.542812668785648e-08,-1.2968466828757916e-08,-4.058861563010044e-08,1.2122846032325208e-07,-3.267938005964244e-08,9.948304078915294e-09,-5.5335395799866965e-08,8.786158069544494e-09,-3.1468246434696614e-08,7.797621917412766e-08,1.1091892344070423e-07,3.7468573572530476e-08,-3.7461160216354593e-08,1.11311816507175e-07,-1.2300636836124409e-08,-3.261979806584212e-08,-3.430797912770018e-08,6.385561020414672e-08,1.6321996688371084e-08,6.880014042551495e-08,4.734907350084861e-08,-1.2930113673285716e-07,3.6590719081491385e-08,-3.384631298713411e-08,-2.949619182771493e-08,8.084033783363023e-08,5.094767070139122e-09,9.771160325955468e-11,-6.327823778456377e-08,1.8516474613135738e-08,1.1107358867014963e-07,7.999531513236273e-08,1.645153400800746e-08,9.691614335147782e-09,6.597839270788696e-08,4.272300906515156e-08,-4.744365389518412e-08,-8.24899630288303e-08,6.43630932782112e-08,4.7941118944438146e-08,3.674553474529162e-08,-3.696862346658989e-08,3.040310688801229e-08,7.3300288179058424e-09,-5.4452264600063294e-08,1.1332545913484875e-07,-3.263338341685388e-08,1.4083884335873372e-08
1 4,-5.2799138618472667e-08,-7.462760708963958e-07,2.9253514424310013e-09,-2.7602438415279927e-08,2.888801185660805e-07,6.775949122922564e-09,-1.0004376526168969e-07,-3.196709899414218e-08,7.469195771610821e-08,-8.882576621454985e-08,-2.6378992635894396e-09,1.091266724687902e-07,7.960886685548277e-08,-6.947527988094509e-08,2.532588336200272e-08,2.2400302979776228e-07,1.4077175883488411e-05,4.823178768542723e-07,1.2478869047467012e-07,3.016678138843425e-07,-9.609512990879375e-08,-4.1392651178065956e-08,-5.1994549419262305e-08,1.2921334767509095e-07,1.0070845368345996e-07,-1.4577695655113966e-08,2.8472892055200553e-08,5.928256964192519e-09,5.108714546959304e-09,-1.0581478892605122e-08,1.249494729978325e-07,-5.668628100325457e-08,5.372079163270337e-08,1.1230544540425621e-07,9.0861730156301e-08,1.6161405160758745e-08,5.564891454861675e-08,1.0463031793805097e-07,1.237866350547242e-07,-3.2607998974393274e-08,6.997523881143764e-09,-5.579300942233005e-08,1.0932858141604912e-08,-2.8622198441861067e-08,8.082472208017667e-08,1.120387919395694e-07,3.516396579646995e-08,-1.155244654307598e-08,8.517525048837076e-08,6.380975917535009e-08,-1.4607206008766755e-08,8.942170326341934e-08,-8.070456469803671e-09,-6.09043762313474e-08,-2.0120613663592284e-08,-2.327708183273579e-08,-2.1462447626858565e-08,9.764352014944326e-08,-5.5827894228928436e-08,-1.2815785870450288e-08,-3.590510733477602e-08,-8.496847661031316e-08,-2.6732434994041044e-08,6.650669514592954e-08,1.2092196919367433e-08,-6.733124594115748e-08,1.468825055798984e-07,-2.583531960947819e-08,-3.866082515360852e-08,9.606200446168116e-09,-4.9871329116341616e-08,1.6626209058035548e-08,-1.0945786892023392e-08,1.3248230911479301e-08,1.225001598548443e-09,-8.194291525666976e-10,8.84429372360988e-08,-2.6327750618611007e-08,4.7744936744556414e-08,7.450061415835333e-09,-1.307569757287398e-07,-1.5798959946784076e-07,3.386679380455251e-08,2.2273181087812426e-09,5.713097898698935e-08,-5.456117729775866e-09,-6.944004740596096e-08,-6.900133077955808e-08,-5.121435890729943e-08,1.4272197199376552e-07,4.6773305041928177e-08,1.57233511513507e-08
1 5,-1.9330785958415266e-08,-4.3622577293694946e-07,8.863637650107349e-10,-4.65669264316806e-08,7.3991788216392836e-09,2.8872981623065717e-07,-5.329609873114533e-08,-1.6572465011079028e-07,7.161130432239503e-08,-1.87058328781461e-08,4.836158595706707e-08,1.0851678539926104e-07,5.282422323865613e-08,-2.2600602241082293e-08,1.0054318095166368e-07,3.0454696588453574e-08,4.823178768542723e-07,1.4041086967037003e-05,8.864948725810102e-08,3.527684378436976e-08,-2.1664082165345742e-08,3.533619319932768e-08,-3.9464816395998945e-08,1.3124084803449095e-07,-6.174430187992512e-08,1.2486829500899948e-08,2.033569719709428e-08,2.0641998310181274e-10,-4.324468330541379e-09,5.898761370559298e-08,-2.422640390383001e-08,-1.3103183344461192e-07,-8.638524695709681e-08,1.1508391586688246e-07,-6.636748713970975e-08,1.0154598667215604e-07,7.091494448273887e-09,1.2249924563795706e-07,1.0263402134332412e-07,-4.406627497298187e-08,1.1338604055291188e-07,-1.2155054179041041e-08,-3.3774893611507395e-08,-3.63273080903795e-08,6.342204725583098e-08,1.5801960060195808e-08,6.843330705019147e-08,-4.009279855755266e-08,-1.8213133159328355e-08,9.825328537465224e-08,-5.492693109549488e-08,-1.6625623841017572e-08,-3.359704234092412e-08,-8.675513572485525e-08,-2.374551725123426e-08,6.018613288362708e-08,7.148080467150553e-08,6.954491118754419e-08,-8.660248939386087e-09,7.775039172215149e-08,-6.359226445110347e-09,-6.855813896449767e-08,-2.1292914661075152e-08,-3.2631546172452445e-08,-2.552715968467584e-08,-4.570311048121705e-08,5.006221075627741e-08,-3.987533873121077e-08,-1.5215398676661842e-07,2.6523042320941193e-08,4.177510426638266e-08,8.98429827562939e-08,-1.706802785473254e-07,1.3758105493389583e-08,2.896648280967079e-08,1.9503180505672688e-08,2.6708718122433468e-08,2.1771686279604868e-08,7.165402110267733e-09,-2.7027057440531533e-09,-6.238859940543762e-08,2.2951308278569033e-08,3.8751893134294444e-08,6.252789376079004e-08,2.501525747263715e-08,4.585229054620617e-08,2.7092653961352218e-08,7.831111258516244e-09,7.4427861838999416e-09,8.054802709472714e-08,3.6757609320578776e-09,-8.602705194893175e-08
