,1,1,2,3,4,5,6,7,8,9,10,11,12,13
1,2.137859749785673e-05,4.3013438850667085e-07,-6.341442231243748e-09,-3.9812255026532127e-07,-1.1153232311424117e-06,-6.50432139682341e-07,-1.64893874508099e-07,-2.7621099173367092e-08,2.4972821208667977e-07,2.885518386425147e-07,2.160612873247379e-07,-4.133734326433901e-07,-2.2070593980450428e-07,-1.2762646015529066e-07
1,4.3013438850667085e-07,2.1278796056808832e-05,-6.194512769213819e-09,1.4031325669839555e-07,-5.777476252162971e-08,-2.2350783370753368e-08,1.1287813959136369e-07,8.497558619662959e-08,-3.2367339143399517e-09,1.1833805670697931e-07,-3.5526078798641263e-09,-7.931115310603262e-08,-2.477850002697592e-08,-6.03465592189944e-08
2,-6.341442231243748e-09,-6.194512769213819e-09,2.128636786116506e-05,-5.429090435394737e-07,3.375269904390643e-08,1.4826175554424018e-07,8.586327528857753e-08,1.4870265930891203e-07,4.795269114106681e-08,-1.4771466586280684e-07,-1.5990682501726569e-07,-1.2261017526637766e-07,-2.05767991343954e-09,-3.736504923027386e-08
3,-3.9812255026532127e-07,1.4031325669839555e-07,-5.429090435394737e-07,2.1304024809274716e-05,3.35844900361625e-07,4.829910590346178e-08,-1.1358062591717036e-07,2.2996305931866236e-08,6.253249135870454e-08,1.9852298771837398e-07,2.2575982396457467e-07,-2.05217290546923e-07,1.9369562786315936e-07,1.311277394854285e-07
4,-1.1153232311424117e-06,-5.777476252162971e-08,3.375269904390643e-08,3.35844900361625e-07,2.1366442113449558e-05,7.188475985456183e-07,1.8842528693495568e-07,4.5369073427517464e-07,-1.5311437035674918e-07,-5.868897619721641e-08,-8.022398859921726e-08,1.8649335417745432e-07,1.478208036723119e-07,-2.5640363579668318e-08
5,-6.50432139682341e-07,-2.2350783370753368e-08,1.4826175554424018e-07,4.829910590346178e-08,7.188475985456183e-07,2.131318217950135e-05,1.3360835903813005e-07,6.222146342810933e-08,-3.8342552397006934e-08,5.9062967804065325e-08,-6.112190182664146e-08,1.9487848106595536e-07,-1.0015417840918333e-07,1.1742410344503947e-08
6,-1.64893874508099e-07,1.1287813959136369e-07,8.586327528857753e-08,-1.1358062591717036e-07,1.8842528693495568e-07,1.3360835903813005e-07,2.1275048645847772e-05,-8.991136355444508e-08,-1.5894462230179776e-07,-1.094386242411869e-07,3.39017248765823e-08,-7.740135149445682e-08,6.616408603170073e-08,-6.909066526598273e-08
7,-2.7621099173367092e-08,8.497558619662959e-08,1.4870265930891203e-07,2.2996305931866236e-08,4.5369073427517464e-07,6.222146342810933e-08,-8.991136355444508e-08,2.1281873332073195e-05,1.766106406610986e-07,-9.919380880043978e-08,-1.6662198228252973e-08,1.576999572226962e-07,-4.850993165890217e-08,-3.9161313127921304e-08
8,2.4972821208667977e-07,-3.2367339143399517e-09,4.795269114106681e-08,6.253249135870454e-08,-1.5311437035674918e-07,-3.8342552397006934e-08,-1.5894462230179776e-07,1.766106406610986e-07,2.127589899523097e-05,6.185813357911438e-08,1.4465843888187707e-07,7.633752976850003e-08,-1.0322040435938425e-07,-5.121289936373083e-08
9,2.885518386425147e-07,1.1833805670697931e-07,-1.4771466586280684e-07,1.9852298771837398e-07,-5.868897619721641e-08,5.9062967804065325e-08,-1.094386242411869e-07,-9.919380880043978e-08,6.185813357911438e-08,2.1277773836721603e-05,-6.977617992803122e-08,7.402861258808706e-08,-1.1349284864713587e-07,-1.2365977889102085e-07
10,2.160612873247379e-07,-3.5526078798641263e-09,-1.5990682501726569e-07,2.2575982396457467e-07,-8.022398859921726e-08,-6.112190182664146e-08,3.39017248765823e-08,-1.6662198228252973e-08,1.4465843888187707e-07,-6.977617992803122e-08,2.1274900001309827e-05,2.824565009076073e-09,8.209587023125987e-09,9.415243996264835e-08
11,-4.133734326433901e-07,-7.931115310603262e-08,-1.2261017526637766e-07,-2.05217290546923e-07,1.8649335417745432e-07,1.9487848106595536e-07,-7.740135149445682e-08,1.576999572226962e-07,7.633752976850003e-08,7.402861258808706e-08,2.824565009076073e-09,2.1283297338796735e-05,4.6215743711308334e-08,5.7984933143701265e-08
12,-2.2070593980450428e-07,-2.477850002697592e-08,-2.05767991343954e-09,1.9369562786315936e-07,1.478208036723119e-07,-1.0015417840918333e-07,6.616408603170073e-08,-4.850993165890217e-08,-1.0322040435938425e-07,-1.1349284864713587e-07,8.209587023125987e-09,4.6215743711308334e-08,2.1274275555578016e-05,-8.446209973680328e-08
13,-1.2762646015529066e-07,-6.03465592189944e-08,-3.736504923027386e-08,1.311277394854285e-07,-2.5640363579668318e-08,1.1742410344503947e-08,-6.909066526598273e-08,-3.9161313127921304e-08,-5.121289936373083e-08,-1.2365977889102085e-07,9.415243996264835e-08,5.7984933143701265e-08,-8.446209973680328e-08,2.1270908678461558e-05
