,1,1,2,3,4,5,6,7,8,9,10,11,12,13
1,2.8753086066242882e-05,5.59812396463989e-07,-1.3840179003973022e-06,1.0693795433612695e-07,-2.3100237272051943e-06,-1.7789166751971006e-06,1.0071940997321287e-08,-1.8125218330774035e-07,3.1950689829687875e-07,5.715617603521986e-07,5.548406966694026e-07,-1.2501344427767998e-06,3.997917975347623e-07,-2.455770394547837e-09
1,5.59812396463989e-07,2.83321228466294e-05,-1.7665901388598253e-07,2.5643413749059084e-08,-2.9153229757806265e-07,1.894883158539894e-08,1.1650547981956354e-07,8.83681736400418e-08,6.090568271893261e-08,4.728715315629843e-08,4.6506484407557706e-08,-2.2808028333004889e-07,-1.7828968213349483e-07,-1.2682376772545762e-07
2,-1.3840179003973022e-06,-1.7665901388598253e-07,2.8476683101598297e-05,-1.1981752191847845e-06,8.396530480312619e-07,7.823804463155825e-07,1.1458105550691121e-08,-3.847808311890812e-08,-1.4394701867118337e-07,-4.3901683589021593e-07,-3.665765621288442e-07,2.32781542862789e-07,-2.6254109569494466e-07,1.9986243436031444e-08
3,1.0693795433612695e-07,2.5643413749059084e-08,-1.1981752191847845e-06,2.840358076435482e-05,-4.361412271843591e-07,-6.919949129737034e-07,-1.4892116410042973e-07,-2.560105645242718e-07,2.089723538426164e-07,3.578000175479581e-07,1.540288368741739e-07,-2.486797944587948e-07,4.7437130549196124e-07,-7.293047161761576e-08
4,-2.3100237272051943e-06,-2.9153229757806265e-07,8.396530480312619e-07,-4.361412271843591e-07,2.8560526014091616e-05,4.971666123774145e-07,-3.050277677451153e-08,-5.195859181583881e-07,-3.595137871637461e-07,-1.6542352944838996e-07,-1.9524153313650184e-07,3.2350683264025173e-07,-6.719021085870058e-07,-1.474771438115581e-07
5,-1.7789166751971006e-06,1.894883158539894e-08,7.823804463155825e-07,-6.919949129737034e-07,4.971666123774145e-07,2.8465811840524764e-05,-1.253934875440428e-07,-4.6885109788290125e-08,2.294090678365314e-08,-2.78549920541738e-08,-2.2231494762249482e-07,4.714567694646357e-08,-3.6753488196706104e-07,1.616061355650412e-08
6,1.0071940997321287e-08,1.1650547981956354e-07,1.1458105550691121e-08,-1.4892116410042973e-07,-3.050277677451153e-08,-1.253934875440428e-07,2.831892879605984e-05,6.942348581120378e-08,-3.082564895951118e-08,-2.2056244609405405e-07,-1.1049012809673707e-09,-3.5067997840646507e-08,1.7562805408275753e-07,2.6999384331326237e-08
7,-1.8125218330774035e-07,8.83681736400418e-08,-3.847808311890812e-08,-2.560105645242718e-07,-5.195859181583881e-07,-4.6885109788290125e-08,6.942348581120378e-08,2.834432954391019e-05,6.24111263187292e-07,-1.0651063221279323e-07,-6.398825697030957e-08,-1.1313844916538497e-07,-4.8727035982929575e-08,-1.8950250130348274e-07
8,3.1950689829687875e-07,6.090568271893261e-08,-1.4394701867118337e-07,2.089723538426164e-07,-3.595137871637461e-07,2.294090678365314e-08,-3.082564895951118e-08,6.24111263187292e-07,2.834033439524918e-05,-9.135403988729802e-08,2.0943710380683104e-07,-2.0679740745989974e-08,2.0613572776157283e-07,5.859423000995734e-09
9,5.715617603521986e-07,4.728715315629843e-08,-4.3901683589021593e-07,3.578000175479581e-07,-1.6542352944838996e-07,-2.78549920541738e-08,-2.2056244609405405e-07,-1.0651063221279323e-07,-9.135403988729802e-08,2.833922883279994e-05,-1.4884736236056384e-08,2.8741711892235003e-09,-9.240621279811784e-09,-1.5999117197480988e-07
10,5.548406966694026e-07,4.6506484407557706e-08,-3.665765621288442e-07,1.540288368741739e-07,-1.9524153313650184e-07,-2.2231494762249482e-07,-1.1049012809673707e-09,-6.398825697030957e-08,2.0943710380683104e-07,-1.4884736236056384e-08,2.8337756056190324e-05,2.9195357191132047e-07,-1.2600340410251087e-07,-1.2647472792753394e-07
11,-1.2501344427767998e-06,-2.2808028333004889e-07,2.32781542862789e-07,-2.486797944587948e-07,3.2350683264025173e-07,4.714567694646357e-08,-3.5067997840646507e-08,-1.1313844916538497e-07,-2.0679740745989974e-08,2.8741711892235003e-09,2.9195357191132047e-07,2.8379417076410193e-05,-1.701897460949986e-07,-9.52363084215112e-09
12,3.997917975347623e-07,-1.7828968213349483e-07,-2.6254109569494466e-07,4.7437130549196124e-07,-6.719021085870058e-07,-3.6753488196706104e-07,1.7562805408275753e-07,-4.8727035982929575e-08,2.0613572776157283e-07,-9.240621279811784e-09,-1.2600340410251087e-07,-1.701897460949986e-07,2.8352958433271237e-05,1.7210327023124358e-07
13,-2.455770394547837e-09,-1.2682376772545762e-07,1.9986243436031444e-08,-7.293047161761576e-08,-1.474771438115581e-07,1.616061355650412e-08,2.6999384331326237e-08,-1.8950250130348274e-07,5.859423000995734e-09,-1.5999117197480988e-07,-1.2647472792753394e-07,-9.52363084215112e-09,1.7210327023124358e-07,2.8319375005668196e-05
