,1,1,2,3,4,5,6,7,8,9,10,11,12,13,1 2,1 3,1 4,1 5,1 6,1 7,1 8,1 9,1 10,1 11,1 12,1 13,2 3,2 4,2 5,2 6,2 7,2 8,2 9,2 10,2 11,2 12,2 13,3 4,3 5,3 6,3 7,3 8,3 9,3 10,3 11,3 12,3 13,4 5,4 6,4 7,4 8,4 9,4 10,4 11,4 12,4 13,5 6,5 7,5 8,5 9,5 10,5 11,5 12,5 13,6 7,6 8,6 9,6 10,6 11,6 12,6 13,7 8,7 9,7 10,7 11,7 12,7 13,8 9,8 10,8 11,8 12,8 13,9 10,9 11,9 12,9 13,10 11,10 12,10 13,11 12,11 13,12 13
1,2.3615777736298747e-05,5.277587197846269e-07,-1.3919650699227331e-06,3.8945362707055537e-07,-2.1750189290387677e-06,-1.684315420009395e-06,2.5986858991742575e-08,-9.315948113928711e-08,3.429932909313037e-07,5.563376314082719e-07,5.359793609840332e-07,-1.1412809577026147e-06,4.796519024674512e-07,2.985197281414054e-09,-2.1238290697510997e-07,6.308248627484576e-08,-3.084176316477451e-07,-3.495895603915494e-08,1.0611657328511723e-07,7.933677285069042e-08,8.931913228566674e-08,4.7782131760527957e-08,6.607103402323257e-08,-2.5049979980046507e-07,-1.269718710743069e-07,-9.721077781045065e-08,-1.18977197265273e-06,9.487462009581188e-07,8.753128722405262e-07,-8.917291754662539e-10,-3.874728518775568e-08,-1.5806289006277483e-07,-4.4240574096269737e-07,-3.6786770993805984e-07,2.745172391180994e-07,-3.055436984770214e-07,2.4401744101328815e-09,-6.253575239500983e-07,-8.271156249466697e-07,-1.3561426800795568e-07,-3.2821379963915265e-07,2.4935819236855e-07,3.665034835435949e-07,2.195493490602639e-07,-3.526552460773423e-07,5.167916323465613e-07,-3.987955310307983e-08,6.66773180105121e-07,-4.772089997171692e-08,-4.818697958845645e-07,-3.704420462232828e-07,-2.080850671721526e-07,-2.0041482356221246e-07,3.930979355441847e-07,-6.84355234538162e-07,-1.2852329811149875e-07,-1.3503029494743737e-07,-9.504034718829783e-08,-8.047201768229163e-09,-5.3823012968504674e-08,-2.2634818249107488e-07,9.643240342569155e-08,-3.9473703286958036e-07,7.764495195828867e-09,1.0116879339840894e-07,-4.4440697611854594e-08,-1.8359202198587318e-07,-1.6668272309160886e-08,-5.126896319388767e-08,1.883490045972657e-07,-1.4196756714160968e-08,6.144627067799752e-07,-6.638921760957059e-08,-4.700539635444941e-08,-1.5608999921670254e-07,-4.52252448097496e-08,-1.318279382938729e-07,-5.542793005755589e-08,1.3467138880857165e-07,-3.27841418182973e-08,1.908954962995016e-07,3.108031811323167e-08,-2.740482745740216e-08,-2.237394694947853e-08,-1.6424371389036673e-09,-1.6875587069525574e-07,2.2490006452018353e-07,-1.0291140008482587e-07,-7.02635395182316e-08,-1.844825928296075e-07,2.2653444865802738e-08,1.8740706538108653e-07
1,5.277587197846269e-07,2.3357076151492844e-05,-2.390852626095009e-07,6.520705347784066e-08,-3.4505801165841547e-07,-1.5796858784126656e-08,1.0228091065784699e-07,7.863915074316774e-08,8.906209342068426e-08,4.8026885780198564e-08,5.4995064029331134e-08,-2.4540014473955056e-07,-1.356655199121685e-07,-1.1421344650934937e-07,-1.1284095908216215e-06,8.423360554120292e-08,-1.8907868951095338e-06,-1.4523541629805791e-06,7.047917932617395e-09,-1.499091988717393e-07,2.6261428983727157e-07,4.730368921353338e-07,4.559566026472313e-07,-1.0313074159007061e-06,3.2323759829849446e-07,2.2448827574486624e-09,-3.8960667051446694e-08,1.625832522210398e-07,2.1483713789456195e-07,2.533201742602637e-08,-1.0878679061895197e-07,-1.3160293530861835e-07,-2.3047853567805857e-07,-2.248944343060069e-08,6.06887153353732e-08,1.762555071669977e-08,1.5535723020594526e-08,6.08144204589607e-08,-1.5637009890873252e-07,1.337118569981188e-08,-7.989698329963725e-08,9.378325772830063e-08,3.57867192567819e-08,1.065242551479737e-07,-1.1738193399077337e-07,9.867826951615615e-08,1.376440456140541e-08,3.823913387467145e-08,-4.3982707479645655e-08,1.2457617069426237e-07,-1.4043804362208585e-07,1.934836495915733e-08,6.596673161882098e-08,2.825783992873239e-07,6.953354316202578e-08,-4.9845131212547294e-08,-6.144616985792617e-08,-1.9630927061789078e-07,-6.595131782817442e-08,1.9512013019155326e-07,-3.1194445758405e-08,-8.265814393350211e-08,7.19412040899583e-08,1.3691413838392205e-07,1.1967664395147377e-08,2.3067099606891307e-07,-1.3972761789958333e-07,-3.326321720817723e-09,-1.3719880802128152e-08,-4.794398654740481e-08,1.1222719571789634e-07,-3.144354672651963e-08,-4.9691355266217554e-08,-1.5058299678755477e-07,-3.9098010271181867e-08,-2.252572849065224e-07,-3.28823064277168e-08,-7.723385630655211e-08,4.9900507932242446e-08,4.0047911305615936e-08,-6.531481402741696e-08,-4.492607917812312e-09,-4.619892570399164e-09,1.1817848785011181e-08,1.3993836465511743e-07,-2.4773741699053986e-08,-1.445079528198073e-07,-4.851410914528668e-08,1.0972028782767582e-07,-8.88114987031084e-08,4.690631420351528e-08,1.0366477738972086e-07
2,-1.3919650699227331e-06,-2.390852626095009e-07,2.356735137914835e-05,-1.295956299594452e-06,9.961245376586586e-07,9.153549076315642e-07,-1.283287438239583e-08,-4.044184980346549e-08,-1.6121582568227994e-07,-4.625496952952184e-07,-3.904632941983586e-07,2.8894112030049545e-07,-3.2070004141454517e-07,1.2392509299486972e-08,4.966027471773371e-07,-6.169273383621342e-08,1.5937000067569184e-07,2.3851413669047723e-07,3.417356952229095e-08,-1.0539362188133647e-07,-1.4152441088957705e-07,-2.260764459239469e-07,-3.306681055003705e-08,6.668777567786384e-08,5.242884847489196e-09,2.2680989037305155e-10,2.7645679124699325e-07,-2.088828683813439e-06,-1.631430123955337e-06,2.8129246651773118e-08,-1.3483036978367098e-07,2.8782925679921217e-07,5.39931568832989e-07,5.19029269691225e-07,-1.0694760658697664e-06,4.0004843793373024e-07,-4.708362095868285e-09,7.950211506259512e-07,6.653740964756764e-07,-6.065004812793189e-08,7.523330358225385e-08,-2.443653767642538e-07,-2.9320395497038413e-07,-2.9734180169619576e-07,3.8026244010587033e-07,-4.3300034706571103e-07,7.94328133501775e-08,-7.866439476771458e-07,1.9067601013659633e-07,1.8383677269545178e-08,1.762747829883169e-07,3.357842312023689e-07,1.6621842295117714e-07,-1.6976093060916716e-07,3.159118906246852e-07,1.6788060589723642e-07,-9.940358614848192e-09,1.5411987847433418e-07,-4.348715695659194e-08,1.1815119873130313e-07,2.123749260979751e-07,-9.056077928069902e-08,1.6466312810565665e-07,-4.0983164281576896e-08,-1.4475799243128684e-07,6.55589148110507e-08,3.9640985538760014e-08,-7.868204713082465e-08,6.575168155108723e-08,7.360180530658611e-08,1.7034205120015055e-07,-1.9949007553066808e-07,-1.0081427304394371e-07,1.308527925823287e-07,4.41667986908614e-08,2.648590263095318e-07,-1.6521602750952137e-07,-2.531008607187585e-08,2.997997236851065e-07,5.167555623312839e-08,7.83930009715313e-08,-6.96301420532856e-09,-9.578297163907685e-08,-5.096942004196956e-08,4.8318747285100556e-08,2.999465220517889e-08,1.1171679864812329e-07,7.09026781465017e-08,-5.417939540581363e-08,-1.366969046258657e-07,-1.664141533522778e-07,-1.065484462381435e-07
3,3.8945362707055537e-07,6.520705347784066e-08,-1.295956299594452e-06,2.3693238947640962e-05,-6.998864162738133e-07,-9.364619019188095e-07,-1.7973430761991924e-07,-3.643975115498846e-07,2.5760610782112195e-07,3.8370143689868607e-07,2.243019066557791e-07,-3.77319478962566e-07,5.728267771560217e-07,-4.2306229920200783e-08,-6.217422530624237e-08,4.94603458762206e-07,4.451402129481145e-08,-1.6150357018015283e-07,-2.4524817534348025e-09,-8.532205503680458e-08,9.147346691755486e-08,3.235759535484241e-08,1.23655241695098e-07,-1.3840256837656202e-07,1.1621321746543256e-07,2.6793470879941906e-08,-1.2831483783923459e-06,8.045832195615167e-07,6.850933972678302e-07,-6.992007684162258e-08,3.9113059956197246e-08,-2.369874487850543e-07,-2.9942941584308553e-07,-2.7328653711670147e-07,3.5585451704658573e-07,-4.469287788374853e-07,8.476825673679372e-08,-2.1665661966354555e-06,-1.6579699097303868e-06,-1.0048861988614789e-08,-2.6345959128769914e-07,3.1840095130956164e-07,5.360761858810836e-07,5.377965699424217e-07,-1.1685440209080519e-06,4.178992512288115e-07,1.734033950891657e-08,1.4984166213451968e-06,1.0364507700838261e-07,6.295984601737381e-07,-3.5095670957373415e-07,-2.1175121476179333e-07,-7.795609218904701e-08,5.547233073002593e-07,-4.86428691102467e-07,-1.3611044211888775e-07,1.2672390544127896e-07,6.965867432026243e-07,-3.8574125530188146e-08,-3.228542732690214e-10,-3.332643311698981e-07,4.96334766502112e-07,-1.3588612610807435e-07,-6.531299600161661e-08,1.8090164435606615e-07,-1.353310798970475e-07,1.2670441959092352e-08,-2.3868599351327804e-07,1.8590421567549552e-07,-1.3467727608322255e-07,-1.6840822834310027e-07,1.2071082298418142e-07,-2.1785721064824595e-07,-1.2115082237963775e-07,1.4663143234958587e-07,6.802993458997337e-08,2.440950584860613e-08,1.2160528921518216e-08,-5.975474508131155e-08,-3.088786601252058e-07,1.5656796922485148e-07,5.0509139883524054e-08,4.170906451423205e-08,-3.1081179307326396e-07,2.0730281430352208e-07,-1.5878040061356448e-07,-2.1362086230641542e-07,2.1528747080831163e-07,1.4661588550250647e-08,-9.023745965413578e-08,2.9648308790964187e-09,4.980426689748393e-08
4,-2.1750189290387677e-06,-3.4505801165841547e-07,9.961245376586586e-07,-6.998864162738133e-07,2.3695135959203188e-05,6.288678252776555e-07,-5.827940266149092e-08,-5.590931906459498e-07,-3.7095101246248554e-07,-2.2187622629573702e-07,-2.1315263908787746e-07,3.65476492798697e-07,-7.316804479736062e-07,-1.2726577370281674e-07,1.56110108278482e-07,5.757913707707719e-08,5.049559001025077e-07,6.076147968496252e-08,-4.656114389926747e-08,1.300694225319805e-07,-1.516637564804704e-07,1.657964101841919e-08,6.803946194093462e-08,2.736670334658106e-07,4.3777839167916415e-08,-7.886652232430312e-08,7.229367603602082e-07,-1.341724967527953e-06,-7.474115665550403e-07,1.9467556884197276e-07,5.132371587707811e-08,1.7172224085578537e-07,3.219677078943502e-07,1.4806466693723023e-07,-1.4480294248359393e-07,3.2795053491289675e-07,1.8295878249103995e-07,2.402059309274918e-07,1.4456536499966684e-06,7.753858080960203e-08,6.368639165320339e-07,-3.527092172623739e-07,-2.10335206566963e-07,-1.0802391324816418e-07,5.595096484880676e-07,-4.5889333033462816e-07,-1.444406561093103e-07,-1.7068078010729883e-06,4.148218795072034e-08,-1.2198294674485015e-07,3.583760989490575e-07,5.426774319651793e-07,5.079703110401921e-07,-1.1576612810888281e-06,4.5655373281267664e-07,3.639565260964367e-08,1.2244633622576854e-07,7.335381901513569e-07,9.555561589791526e-09,-7.372671070568016e-08,-1.5612252616658332e-07,3.8772736244348946e-07,3.7571441590623663e-07,1.454759932825134e-08,-1.1978132987586477e-07,1.6134804275828157e-07,-7.394961996906979e-08,9.35366757852088e-08,5.4508065059857454e-08,-2.6198519703845543e-07,1.5768566505004472e-07,-4.7246139991043053e-07,-2.1868700098075698e-07,-3.7293259443139936e-07,6.467648789375651e-07,2.4215620686800463e-07,-2.0958579717553116e-08,-1.610930651469298e-07,2.479592120528228e-09,-3.341105667424009e-08,-1.4407650098118381e-07,-8.200005137303161e-08,1.6807100383793182e-07,-6.430641193175358e-08,-1.502577432711336e-07,7.536489106844987e-08,-6.892238533560419e-08,-3.155622811439349e-08,-7.551213342974389e-08,3.825125290084811e-07,-1.7143223459800515e-07,-7.57653180444953e-08
5,-1.684315420009395e-06,-1.5796858784126656e-08,9.153549076315642e-07,-9.364619019188095e-07,6.288678252776555e-07,2.3608801195590735e-05,-1.2430162998517433e-07,-9.916077772963314e-08,-4.005223067719252e-08,-7.269389127014832e-08,-2.451467892848739e-07,1.0445151993048665e-07,-4.0440676664584465e-07,1.0706666517650177e-08,2.222666312200873e-07,-1.6202123373909788e-07,2.3514814627737834e-08,4.970143082162224e-07,-7.105348069194429e-08,-2.058567951637613e-07,-7.554825936151822e-08,1.9434116909910337e-07,-4.9320681765440834e-08,-7.264530731169808e-08,5.8999032978244e-08,1.352526237249611e-07,6.098537869080218e-07,-7.472015639047442e-07,-1.2923680077669464e-06,-2.0559926390621145e-08,1.5338715396367007e-07,-4.101210399543491e-08,1.1649048256565318e-07,2.25525934555867e-07,-7.339479102936833e-08,1.7092386910474209e-07,-4.334570904575494e-08,1.4724901358449973e-06,2.1946730225674765e-07,1.2368631290144717e-07,7.039012915154642e-07,-3.8051101616662985e-08,2.98715873448009e-09,-3.512691187424324e-07,4.989343790918555e-07,-1.1603528810545884e-07,-7.316838302333406e-08,-2.1151044102175723e-06,1.1444799875492464e-07,6.992729525062556e-07,1.4357029353021602e-08,-6.089980671807094e-08,-1.427326342101666e-07,3.7687667030479354e-07,3.626029397181626e-07,7.115237217096292e-09,3.0703078238913496e-08,-1.813092483197113e-07,2.5938163542092824e-07,4.831588558814404e-07,5.046701898558969e-07,-1.0792663012911458e-06,3.8472762341174344e-07,2.257431642898526e-08,-1.561133132549351e-07,1.3030221603487454e-08,-2.0525665505897233e-07,2.0679042640132251e-07,4.104151661824787e-08,-1.385143017133e-07,2.082096342172958e-09,-2.9691597793816867e-07,-7.922242223526682e-08,2.2919260624126344e-07,-9.619942264233635e-08,-1.3636127310836632e-07,-5.509693031312518e-08,1.5237787038462845e-08,-1.3168544098402969e-07,6.2612972556364925e-09,7.869653978189213e-10,3.1683468542971304e-08,5.206233483619227e-09,-2.212721154996271e-07,1.5209796124277143e-07,9.358716019478547e-08,-6.616045757123003e-08,2.3039769676265985e-08,-1.130408594951978e-07,5.550727750144832e-08,-7.48012061538187e-08,-3.5936001792917894e-08
6,2.5986858991742575e-08,1.0228091065784699e-07,-1.283287438239583e-08,-1.7973430761991924e-07,-5.827940266149092e-08,-1.2430162998517433e-07,2.3366007863013598e-05,1.1317009145125561e-07,-4.0103828071495395e-08,-1.948357396020356e-07,-3.8570335116453674e-08,-4.131358447841434e-08,2.0483661924686332e-07,2.0320007805405908e-08,3.7073126524124715e-08,1.295155204542004e-08,-4.4444775262982035e-08,-5.773581480298837e-08,4.564578009668776e-07,7.731652060227263e-09,2.3680534745638172e-07,-1.3612376776181152e-07,1.8070905736789847e-09,-9.70969307235857e-09,-5.131463110655559e-08,1.1371990495077818e-07,-5.45019524212375e-08,1.8913112074463822e-07,-1.7824536617418095e-08,-1.121688807013747e-06,-1.3098268874279465e-07,5.1850172726052336e-08,6.075309103476148e-08,-7.988947294021257e-08,5.7531726044603234e-08,7.376004742603252e-08,1.5274364078201208e-07,1.0349077027214152e-07,1.3131973083655723e-07,8.041639324290707e-08,1.5322116302753027e-07,-1.0401803445296184e-07,-1.7895291880499557e-09,-2.2721859992857048e-07,1.8370244319029827e-07,-1.422468796112313e-07,-1.4629592516777184e-07,1.161677740114198e-07,-1.895518151011689e-06,-1.2838152532318035e-07,1.682728355376566e-07,-6.166352148671056e-08,9.761382430984628e-08,4.797680878897349e-08,-2.573613530756765e-07,1.1662287834232137e-07,-1.4527597918630574e-06,-1.5398357146026107e-07,5.570346742514878e-09,-1.9227414429483445e-07,2.0987632719002717e-07,4.0604916940185976e-08,-1.565734618095026e-07,-9.354145040610679e-09,-1.5820486342823128e-07,2.5495880148711747e-07,4.643238596542432e-07,4.5860765859253637e-07,-1.0356876096034262e-06,3.279850159184441e-07,-5.4218830499002756e-09,1.0293475639644267e-07,1.9887662838243076e-07,6.435123602117384e-08,4.193699123348032e-08,-1.3614500262133036e-07,-2.2565246779159894e-07,-7.077761557001442e-08,-1.1112138659194399e-07,-1.0547407826145795e-07,-1.440113268023777e-07,-6.461648530044564e-08,-1.131639987825664e-07,3.2370156868718956e-07,4.304154966499452e-08,1.398837419004038e-07,-3.113054726294817e-08,2.577088232506542e-08,4.77609341740919e-08,-2.1434383469124978e-07,-1.1000621599139396e-07,-1.8327136249797952e-09
7,-9.315948113928711e-08,7.863915074316774e-08,-4.044184980346549e-08,-3.643975115498846e-07,-5.590931906459498e-07,-9.916077772963314e-08,1.1317009145125561e-07,2.3497484060106616e-05,6.534843382543218e-07,-5.368642874750028e-08,-7.158497917184679e-08,-1.1991477868485532e-07,-7.608821252571276e-08,-1.586655399339483e-07,-1.2107359221826913e-07,-6.972372203938842e-08,1.0938120099904151e-07,-1.7619103676016997e-07,4.440352697852838e-09,4.5535494798464294e-07,-4.275521844289842e-08,-4.856305475095336e-08,-1.5107567181840548e-07,-3.9058881532646145e-08,-2.2218050331322568e-07,-4.2035741556264735e-08,2.614552369373877e-08,5.473432633657006e-08,1.599732092833016e-07,-1.2768664050816396e-07,-1.1583975952356514e-06,-1.9488561567183265e-07,-8.446714809204297e-08,1.6183434284243214e-07,3.525065306128656e-08,2.9462651049360647e-07,-1.5229917702065928e-07,6.337703174087219e-07,6.97880990855417e-07,1.4700626399057614e-07,3.8732402019216446e-08,1.017786702487239e-07,-2.1220735213912015e-07,-1.2172191980834975e-07,1.4402052565895014e-07,9.063560979808785e-08,2.659409134446031e-09,7.375442551020308e-07,-1.2610607632509245e-07,-1.962748975619277e-06,-4.920743868490666e-07,-2.1400160435225806e-07,-3.639240060757259e-07,6.250182211554015e-07,2.565842933589042e-07,3.669294502681353e-09,-1.381434659539077e-07,-1.5452323739575196e-06,-3.2778545421129816e-07,-8.339805360705525e-08,2.54183778405521e-07,-1.1935536005856654e-07,-1.2951183616667598e-07,-1.8798610599640984e-08,2.4752434691153062e-08,1.0598360435130981e-07,2.0978650008623792e-07,5.4528253610097247e-08,4.3696471899351834e-08,-1.4324927340933434e-07,-2.2805864607022412e-07,2.837337955157372e-07,5.125838409783205e-07,4.813759344895489e-07,-1.0871609221661337e-06,3.0942294876605334e-07,-1.2040968933727816e-08,2.705251122631406e-07,1.442674308565727e-07,-2.552280622849549e-07,3.701247574231399e-08,-1.4870740273285781e-07,1.3115473597098728e-08,8.946057837179157e-08,-7.611206301739539e-08,4.1871527552547554e-08,5.483699010104062e-08,-1.357443526646409e-07,1.1232470635548165e-07,-2.3037378187551342e-07,1.3992995912705824e-07,5.2796036181973207e-08
8,3.429932909313037e-07,8.906209342068426e-08,-1.6121582568227994e-07,2.5760610782112195e-07,-3.7095101246248554e-07,-4.005223067719252e-08,-4.0103828071495395e-08,6.534843382543218e-07,2.3396942999776428e-05,-3.857369059846347e-08,1.669166751156107e-07,-3.638863527815872e-08,1.988044554493131e-07,3.36655620827164e-08,-1.3844394907812076e-07,8.971284409095695e-08,-1.4019993209433328e-07,-6.364803335288565e-08,2.405593554605401e-07,-3.403365693492317e-08,4.6375071991352844e-07,-8.556815005130541e-08,6.059054605105085e-08,3.285387710568287e-08,-5.7578274243864236e-08,6.365066090813863e-09,-2.320810598776058e-07,1.7464702158634136e-07,-2.9476232204935e-08,6.304489027791473e-08,-2.004650162765113e-07,-1.1394039183418014e-06,-1.509805810434378e-08,2.877684749737823e-07,4.048332676299393e-08,7.151146609589265e-08,-1.204232454617863e-08,-3.3655496833978854e-07,-2.6850090183234172e-08,-1.0348868694885635e-07,9.846867608044891e-08,1.1525992614697677e-07,6.237094760446194e-09,-4.690572814777859e-08,-3.103444960217667e-07,1.6899806651550347e-07,4.9551949389221565e-08,4.2574858832704965e-08,1.6185059692208886e-07,-4.846515956073046e-07,-1.927748381678207e-06,-1.5497268452071476e-07,-3.0115480436977676e-08,-2.0228645666443377e-08,-1.7481245345359945e-07,-6.087894407115034e-08,2.262474335504202e-09,-3.209796242479609e-07,-1.4709360206925606e-06,2.354617022703622e-08,-1.6126163609121077e-07,-1.579884502096704e-09,-8.359790240954445e-10,3.1114177280018925e-08,1.1291415230125149e-07,7.1188728709570815e-09,-5.985965810115278e-08,-1.050614640455861e-07,-9.843667421475645e-08,-1.447337539916477e-07,-6.739204166394649e-08,-1.20175423355277e-07,2.62535906326661e-07,1.377745276274139e-07,-2.5368930725555817e-07,5.241512715863696e-08,-1.23906242095353e-07,4.833134105584173e-07,4.518388884191537e-07,-1.0402776802950768e-06,3.4441709392964936e-07,-6.505357316584128e-09,-3.642005962831381e-08,-4.118085778296846e-08,9.654014246639761e-08,-4.381828328866857e-09,1.6517761959424077e-07,-1.0522920727615853e-07,2.2229520401166067e-08,-8.816454151999495e-08,-1.6641367506147523e-07,3.376054015771236e-08
9,5.563376314082719e-07,4.8026885780198564e-08,-4.625496952952184e-07,3.8370143689868607e-07,-2.2187622629573702e-07,-7.269389127014832e-08,-1.948357396020356e-07,-5.368642874750028e-08,-3.857369059846347e-08,2.3383687566901976e-05,-1.8501228428368723e-08,7.34753030724892e-09,1.2406078683627223e-08,-1.6175932571176425e-07,-2.340112325092446e-07,3.769860150234933e-08,2.904157713494789e-08,1.8604183253888148e-07,-1.374741987984719e-07,-5.231189533925587e-08,-8.175331517945496e-08,4.688457275108768e-07,-3.0470962426462006e-09,1.3819739163843732e-08,1.4785043902914171e-07,-2.0285016945522353e-08,-2.861466827196672e-07,3.3229975839640935e-07,1.260730805650133e-07,6.166683498633276e-08,-8.732855024400463e-08,-1.1847892743013217e-08,-1.1513153275376564e-06,-8.821513468177307e-08,-5.782350859492453e-08,5.429117636494917e-08,2.2430335654202254e-08,-2.1503373449167749e-07,-8.628559309809572e-10,2.6320742871840115e-09,-2.2375627200392885e-07,1.1209574168075165e-08,1.0685960641684873e-07,5.974554062045543e-08,-3.2680462013238846e-07,2.163106171295499e-07,-1.4615828691490973e-07,-4.368763472443258e-08,-5.6153662744087063e-08,-1.907635848383156e-07,-1.637965259922383e-07,-1.9100640843453746e-06,1.6604365312397054e-07,-7.007320150351477e-08,-1.4935167257289156e-07,7.122725144862591e-08,-1.9814338760427903e-07,-7.882307917251601e-08,2.3227197429236457e-08,-1.4494189761009177e-06,-6.149357966768877e-09,-2.2562121364677134e-07,1.6139038902188873e-07,7.258295380942964e-08,2.078176823356618e-07,-6.828506315857043e-08,3.05073149414877e-09,-1.0729202695533444e-07,3.205500997871609e-07,3.6088861550380746e-08,1.3437839017315908e-07,2.606079518318806e-07,-1.5915592936450946e-07,1.4486556383603428e-08,8.552104542089988e-08,-7.277777578462988e-08,5.2747548233745146e-08,2.5467024034526065e-07,-4.2688483771416096e-08,-3.907409975659755e-08,9.078809581552658e-08,-8.437501331092109e-09,4.558388426989303e-07,-1.0419825636112275e-06,3.319263802646357e-07,-1.3592504780065745e-08,1.3100619788150986e-07,-6.947051447299331e-08,-1.0874012524994809e-07,1.1911519728332559e-08,1.4092135132580206e-07,6.117214966623707e-08
10,5.359793609840332e-07,5.4995064029331134e-08,-3.904632941983586e-07,2.243019066557791e-07,-2.1315263908787746e-07,-2.451467892848739e-07,-3.8570335116453674e-08,-7.158497917184679e-08,1.669166751156107e-07,-1.8501228428368723e-08,2.337817143056832e-05,2.0543760038187381e-07,-9.91236182988982e-08,-7.566340240217263e-08,-3.456755980859914e-08,1.1839537297570065e-07,7.220609821397224e-08,-5.346438552956169e-08,-1.9020274585375564e-09,-1.4561842095688895e-07,6.624155990247806e-08,-1.2554207595469288e-09,4.56060544250752e-07,-1.3714496395302046e-07,-4.204505539058276e-08,1.0510114986559253e-07,-2.6475287130445273e-07,1.6825230814106346e-07,2.178062083047057e-07,-8.715326824445759e-08,1.4238088275043443e-07,2.813647780331506e-07,-1.0146769881654338e-07,-1.1432809336770191e-06,9.503711835832353e-08,7.673666549592472e-08,-4.280450081482301e-08,-1.0479252167157635e-07,-3.3008666643531325e-07,-2.2575306441505955e-07,-1.2794320276657685e-07,-5.1271845249008533e-08,5.9279450416954114e-08,9.860126974180203e-08,-2.2321505087544474e-07,2.3307839507602512e-07,2.5863604872074436e-08,-1.2986778581491547e-07,1.0485263162441348e-07,-3.4608556349640916e-07,-2.496715985364238e-08,1.7020185794540133e-07,-1.8975100897760697e-06,-9.229582407267646e-08,-1.2468955203978022e-08,-6.91965591618316e-08,1.941325855271788e-07,2.353076672172413e-07,-1.5989396523430527e-07,-3.880382012224064e-09,-1.4755501504169862e-06,-7.382531625177384e-08,3.533549200591959e-08,-9.490001794796482e-08,6.018724304244795e-08,-1.0505783128796216e-07,-1.0371490078507142e-07,2.3717813224189594e-09,-3.1921513794196534e-08,2.813744908211952e-08,3.206495383344468e-08,1.2758319493779904e-07,1.4308496159870132e-08,-1.5168973737066056e-07,4.738844302649918e-08,-1.1624249602094681e-07,1.2147292869391948e-07,-3.2261432368389166e-08,2.5746538953971663e-07,1.634926087771792e-07,-9.893007528838605e-08,1.9975310192359503e-08,4.6708528384097727e-07,1.2565875437398157e-07,-6.431528101233327e-08,-1.1698621469775798e-07,-1.0214899689498222e-06,3.2396362841761734e-07,5.228985257464905e-09,-2.7219128444805675e-08,-4.853257884588116e-08,4.445505310592376e-08
11,-1.1412809577026147e-06,-2.4540014473955056e-07,2.8894112030049545e-07,-3.77319478962566e-07,3.65476492798697e-07,1.0445151993048665e-07,-4.131358447841434e-08,-1.1991477868485532e-07,-3.638863527815872e-08,7.34753030724892e-09,2.0543760038187381e-07,2.3432305328945966e-05,-2.183715192486217e-07,3.3167100812090675e-08,4.800054461898466e-08,-1.1704604042977251e-07,2.7374265682486923e-07,-6.984502600320328e-08,-1.9825812652800803e-08,-3.354801806395093e-08,2.9182786793301272e-08,1.641918793257943e-08,-1.5017724533527605e-07,4.690727113262877e-07,-1.025628838956157e-07,4.589776153557953e-08,3.2203598201252886e-07,-1.4546821502580348e-07,-8.570842710234584e-08,6.41049505853691e-08,2.7821906892996293e-08,4.295189591139736e-08,-6.968726021150596e-08,9.654864976302543e-08,-1.1446775591145596e-06,-1.4611514359561694e-07,-1.5085463330473453e-07,5.499302505775779e-07,4.6634643798368634e-07,1.7360046170745213e-07,1.389662568090835e-07,-3.055421182826598e-07,-3.052729300077368e-07,-2.1974369369793057e-07,1.0805636635027346e-07,-8.033017447724358e-08,-5.182403740754098e-09,3.7610791355572894e-07,4.593002585882118e-08,5.92905611411322e-07,-3.764161166715728e-08,-7.57566049332018e-08,-9.67143052575239e-08,-1.9505657612619337e-06,3.865050393556274e-07,-1.7949706135631684e-07,5.332026600292475e-08,-1.0949815578510974e-07,-9.756176812569092e-09,-2.286089841157865e-07,-7.536096799601901e-08,-1.4744566589358079e-06,6.220360842613432e-08,-4.739874337623997e-08,3.813988992811962e-08,-1.0059805793973532e-07,3.2015804888930666e-07,-3.571292000466155e-08,1.6330010529944117e-08,-2.1575673966765162e-07,-9.939350581723937e-08,-2.3346495287776618e-07,9.458415127486518e-08,4.7496992030261135e-08,-1.2933967993119974e-07,-2.2764920134068966e-07,1.2632634806132215e-07,-4.349983010529694e-08,1.819827401725312e-07,2.7759078943437024e-07,-8.606679262953127e-08,-1.7945952634432077e-07,1.392798796534443e-07,4.775636821762427e-07,1.1549751747215077e-08,1.3400160115370484e-07,4.6102801391852336e-07,-4.658551876695207e-08,-7.057741828868311e-08,3.439277614188165e-07,-2.154369882811674e-08,-1.4751840203303448e-07
12,4.796519024674512e-07,-1.356655199121685e-07,-3.2070004141454517e-07,5.728267771560217e-07,-7.316804479736062e-07,-4.0440676664584465e-07,2.0483661924686332e-07,-7.608821252571276e-08,1.988044554493131e-07,1.2406078683627223e-08,-9.91236182988982e-08,-2.183715192486217e-07,2.3426004047953645e-05,1.7951218511351968e-07,2.3722994019635e-08,1.0544296157156521e-07,5.905740008641221e-08,5.584026555383165e-08,-4.71534260803537e-08,-2.2497602878787207e-07,-5.4088987257254786e-08,1.4001911837165612e-07,-4.9902195532710255e-08,-9.570039960058323e-08,4.5698078050491674e-07,1.0135732186667323e-07,-4.371579443667122e-07,3.2898790181280773e-07,1.9273447852757412e-07,7.51840277674005e-08,2.6660128550646643e-07,6.67644299172526e-08,4.872747160880491e-08,8.24308863721095e-08,-1.3208973895435537e-07,-1.171578830888013e-06,-9.785520408831118e-08,-4.6739551068664565e-07,-1.5698938733248217e-07,-1.419184674811863e-07,5.6911729844945286e-08,1.7673099740931963e-07,2.2768976875326272e-07,2.4748653906330687e-07,-1.0732090589475798e-07,1.3410640559508666e-07,3.118235319870163e-08,4.022520536901477e-07,-2.57797183963785e-07,2.643180404567746e-07,-1.7731189859372533e-07,-1.6451683588519567e-07,-1.5580271380119956e-08,4.066900582145146e-07,-1.9554574907505126e-06,-7.27626045962073e-08,-1.5858202459701703e-07,-1.299513360370979e-07,5.636209278323739e-09,1.5958427961447797e-07,3.476110548730535e-08,7.686232620549508e-08,-1.4865100203048567e-06,-3.2182808861974016e-08,-1.2109167600707947e-07,-1.3944121949140035e-07,4.4542506371154636e-08,1.8153508866180696e-08,-2.114351217308662e-07,1.793811269758933e-08,-1.084769743800358e-08,5.5679990789054266e-08,-7.087496750731923e-08,-1.2074948349868996e-07,-2.2730910408986903e-07,-1.5231061438079795e-07,4.9613627534890705e-08,9.069430311109281e-08,-1.2033004471760448e-07,-9.068033595665713e-08,2.6568599633171825e-07,2.369314745246438e-08,-6.998794987240871e-08,3.3987233530573926e-09,4.789382638488781e-07,5.601144499221436e-08,-3.520789255711362e-08,4.500414434255934e-07,5.0717121244221257e-08,-1.047875372629437e-06,-1.3402924121961663e-07,1.3722333741545088e-08
13,2.985197281414054e-09,-1.1421344650934937e-07,1.2392509299486972e-08,-4.2306229920200783e-08,-1.2726577370281674e-07,1.0706666517650177e-08,2.0320007805405908e-08,-1.586655399339483e-07,3.36655620827164e-08,-1.6175932571176425e-07,-7.566340240217263e-08,3.3167100812090675e-08,1.7951218511351968e-07,2.3344540056728892e-05,1.0165992585350374e-08,1.7438132819788853e-08,-5.466188234283497e-08,1.357627199494584e-07,1.2157604985096614e-07,-3.005628292778026e-08,2.8077868611022595e-09,-3.17958281493352e-08,1.0787614935940691e-07,4.144567450769537e-08,9.459274195100441e-08,4.595113878344043e-07,8.801947788605013e-08,1.641405333159127e-07,-4.73259873011529e-08,1.4615738263265236e-07,-1.4829635503128785e-07,-6.552125715231838e-09,2.192047597608065e-08,-3.90928051421951e-08,-1.605223971765277e-07,-1.0749223451307931e-07,-1.129220409431226e-06,-1.3298556472519367e-07,-6.51152441137824e-08,-1.5146995600145617e-07,7.645676667957848e-09,3.373075585904435e-08,-1.4000614988731527e-07,2.4890465239454162e-08,-9.59772072354757e-10,3.142032254552468e-08,9.21096118429443e-08,9.272627084664765e-09,1.2043300107744044e-07,-2.271661683839285e-09,-6.312069981487882e-08,7.10970857742567e-08,-6.684922716752452e-08,-1.8039368836026527e-07,-7.900025567824826e-08,-1.8787224721864903e-06,-5.914136022917786e-09,-2.5565400670701678e-08,4.3099844964627364e-08,7.14411071540297e-08,-9.73488638562214e-08,-5.268438529104097e-08,-3.5070477699052565e-08,-1.453122994704945e-06,-2.2019188394665947e-07,-6.609111862579833e-08,1.382414339806532e-07,3.742994142920042e-08,-1.0730373468986686e-07,-4.895598687205682e-10,1.0095025121237194e-08,-1.3140646677209354e-07,3.982672001937107e-08,1.1738480226667302e-07,1.3863643005495613e-07,4.96253219937464e-08,-1.4830589662188314e-07,-7.53995243464774e-09,6.00408297231701e-09,-1.7157992897036315e-07,2.7258448455174802e-08,2.6436834985708556e-07,-1.1829346950832258e-07,1.3280452708242907e-07,6.304840223620194e-08,4.6760949236167947e-07,-4.5210067588622846e-08,4.4132520043206345e-08,4.5712784769577525e-07,-1.3675738309127217e-07,-1.0222593436002407e-06,3.1765577867382354e-07
1 2,-2.1238290697510997e-07,-1.1284095908216215e-06,4.966027471773371e-07,-6.217422530624237e-08,1.56110108278482e-07,2.222666312200873e-07,3.7073126524124715e-08,-1.2107359221826913e-07,-1.3844394907812076e-07,-2.340112325092446e-07,-3.456755980859914e-08,4.800054461898466e-08,2.3722994019635e-08,1.0165992585350374e-08,2.314174533910875e-05,-9.805638810164912e-07,6.936320752769622e-07,6.43771987252403e-07,6.8105876078600784e-09,-4.0068363017335004e-08,-1.2121305995995074e-07,-3.65941406142902e-07,-3.035632665244276e-07,1.9145524138736843e-07,-2.0960854227293102e-07,1.3305669951853354e-08,3.4578000586635994e-08,-2.6465193323561937e-07,-1.0931657090539878e-08,9.894761911491557e-08,9.412833336188095e-08,5.970087637320409e-08,5.753544839457258e-08,5.3778360927558956e-08,-2.14512069805968e-07,-1.486521966525567e-07,-9.066596157487788e-08,-1.1939903274739201e-08,-4.179728956880576e-08,-3.6298729287756563e-08,9.974440956413126e-08,4.2498971485944936e-08,2.573118787657467e-08,1.4457540758932566e-08,1.7901009853844405e-07,-1.2227164943424973e-07,3.057331308964949e-08,-9.725011109569755e-08,-1.1427890373722002e-08,2.4842026338602616e-07,6.107905024632292e-08,8.764835954962088e-08,6.197201875310449e-08,4.8802612818167665e-08,-1.380590964893634e-07,1.0113120266356241e-07,-1.6343301724911447e-07,-6.253153005338179e-08,-1.087666404438217e-07,-5.630937685854244e-08,1.6602276296646469e-07,1.3387497429662984e-08,-7.331411717533948e-09,6.514356032609843e-08,-5.3546667929600924e-08,6.514809712792231e-08,-1.8614302476708326e-07,-8.670893924489778e-08,-3.0580155161529e-08,-3.5756014879431015e-08,-1.8415076157962997e-08,1.8150003701040694e-07,-7.1330093202778345e-09,-3.023918747844582e-07,-4.773622155211272e-08,-2.8308003701103186e-09,-1.7029605075942655e-07,8.007312195258822e-08,-1.672123025361415e-07,1.0712281375785185e-07,-1.6081140408605652e-07,3.236578723890302e-08,7.007592386455792e-08,2.463695212257879e-07,1.170987730984013e-07,-8.293641357758466e-09,3.550841065277189e-09,8.569317517566726e-08,3.43257680043688e-08,1.7783541898740622e-07,1.104714836589882e-08,-1.024704273620286e-07
1 3,6.308248627484576e-08,8.423360554120292e-08,-6.169273383621342e-08,4.94603458762206e-07,5.757913707707719e-08,-1.6202123373909788e-07,1.295155204542004e-08,-6.972372203938842e-08,8.971284409095695e-08,3.769860150234933e-08,1.1839537297570065e-07,-1.1704604042977251e-07,1.0544296157156521e-07,1.7438132819788853e-08,-9.805638810164912e-07,2.3077652147253703e-05,-3.547471465013333e-07,-5.701676353826033e-07,-1.164178068777343e-07,-2.0763000874221113e-07,1.7234288270021468e-07,2.845947554494388e-07,1.377074732047241e-07,-2.0672419984860914e-07,4.0102408403440306e-07,-6.068908092753078e-08,-1.6078218629165536e-07,-2.424066483749133e-08,-3.076666749512889e-08,-3.488623106904851e-08,8.476844656493991e-08,4.078535715206511e-08,3.0329176989381946e-08,1.8981971971379486e-08,1.672472395644103e-07,-1.0951365014640562e-07,2.7298898481216946e-08,-2.691462442303863e-07,6.711181172888146e-09,1.0058002216165432e-07,5.2913741803568835e-08,5.825044204312497e-08,4.2216276570488e-08,4.0471514008500635e-08,-2.1240188511361171e-07,-1.3077874796669204e-07,-9.27800361016162e-08,2.284847418174004e-07,-1.4894922712011316e-07,-2.5076332978445623e-07,-1.5915807336837516e-07,1.0578617951400795e-07,-6.381837034871169e-08,1.1909148618613167e-07,-4.670911729524018e-08,-4.102698474654818e-08,-7.041952830124093e-08,1.496787446342861e-07,-1.3294560073878553e-07,-3.168437989616254e-08,-8.905315598512833e-08,-1.3722694561227244e-08,-5.075408733345437e-08,-1.3667429061624452e-07,3.4381288034794646e-08,-7.173260257701083e-08,8.046012021153418e-08,-8.902847591255608e-08,-5.023356764562809e-08,-9.159038150025434e-08,6.07494215822886e-08,7.570544157386583e-08,-3.3057109634068907e-07,7.397927047522519e-08,6.412092762043442e-08,5.502109025746417e-08,1.1092283559208686e-07,-4.8991767777577855e-08,-6.032329118003662e-08,-8.839304510804041e-08,8.393408779408612e-08,8.974101625701766e-08,-3.101582660353729e-08,1.6812682245360607e-07,-2.5855606345705228e-08,-9.361926583829343e-09,-3.803041086090981e-08,-1.0905741610756316e-07,-1.137242921835396e-07,-1.7433515286767504e-07,-1.3527640065838163e-07,8.24632232104328e-08
1 4,-3.084176316477451e-07,-1.8907868951095338e-06,1.5937000067569184e-07,4.451402129481145e-08,5.049559001025077e-07,2.3514814627737834e-08,-4.4444775262982035e-08,1.0938120099904151e-07,-1.4019993209433328e-07,2.904157713494789e-08,7.220609821397224e-08,2.7374265682486923e-07,5.905740008641221e-08,-5.466188234283497e-08,6.936320752769622e-07,-3.547471465013333e-07,2.3208911975241607e-05,4.0874413704963885e-07,-3.1965733287144865e-08,-4.290110153979446e-07,-2.9459109200336535e-07,-1.291247755537101e-07,-1.6911201579567852e-07,2.760132230206714e-07,-5.508522225152972e-07,-1.2353046369230688e-07,-3.8325889626728336e-08,-1.8133008453738294e-07,-7.790169714564216e-08,4.544500797793486e-09,2.4659709648565343e-07,5.159213428132727e-08,7.784079678852894e-08,5.8068898861253654e-08,4.419994419995901e-08,-1.379467092427062e-07,9.758176152842821e-08,5.059419573269788e-08,2.2808401404919985e-07,-1.5239886925305217e-07,-2.4175307642105647e-07,-1.6663500240854362e-07,1.0213266102582095e-07,-7.199795295612651e-08,1.2520164762126593e-07,-4.1060539457968687e-08,-3.924258795202518e-08,7.727922620198439e-09,1.0906594492601459e-07,8.398997549627175e-08,8.310761104727489e-08,2.138765281595976e-08,3.5395590693290224e-08,-2.443745140731002e-07,-1.4113623031171507e-07,-8.570981895483024e-08,-7.892471840617146e-08,1.8296384950216344e-08,-1.0011297545567295e-07,-7.911779384114248e-08,-7.235332505350006e-08,-1.3543415876249613e-07,2.9662759928267726e-08,6.58312575983924e-08,-1.7127668683821552e-07,5.196273341398772e-08,3.160733376731894e-08,3.11460204437288e-08,-1.8436988388024583e-08,-1.3674813366680341e-08,8.783123708326555e-08,-6.33380446388068e-08,1.1922771190061927e-07,-3.2896702084849114e-08,2.7704520990181735e-08,4.308964842192306e-08,7.931550831662205e-08,-6.659937798045132e-08,-1.5124356643075955e-08,5.1820301850478754e-08,-1.7043537786259262e-07,-3.8868237769014894e-08,1.544080706949706e-07,5.316637085519622e-08,1.5665846842781406e-07,-1.8899895093859145e-07,1.5859288621134375e-07,-5.971345379287009e-08,-1.5957310599722275e-07,1.888686112779652e-07,-1.138887976378945e-07,7.215383991234036e-08
1 5,-3.495895603915494e-08,-1.4523541629805791e-06,2.3851413669047723e-07,-1.6150357018015283e-07,6.076147968496252e-08,4.970143082162224e-07,-5.773581480298837e-08,-1.7619103676016997e-07,-6.364803335288565e-08,1.8604183253888148e-07,-5.346438552956169e-08,-6.984502600320328e-08,5.584026555383165e-08,1.357627199494584e-07,6.43771987252403e-07,-5.701676353826033e-07,4.0874413704963885e-07,2.3136253335507015e-05,-1.0075915056906708e-07,-5.4827192376352396e-08,1.4453191378121632e-08,-1.539168809296764e-08,-1.833897030132534e-07,3.65641731827831e-08,-2.9430824912119315e-07,1.497625115331493e-08,-3.6458752861342586e-08,-9.830811403624847e-08,-1.827477176213221e-07,-1.581865040064544e-07,-6.451735599421187e-08,-1.0172611669349067e-07,-5.994544769093145e-08,1.6479363406218067e-07,3.102058089698003e-09,-4.76084435908168e-09,6.401117168403285e-08,2.278939415054855e-07,4.92657700591593e-08,-7.132216893972648e-08,1.560816261248176e-07,-1.36040720495114e-07,-3.2127241087131084e-08,-9.055744623728175e-08,-2.1567967636156062e-08,-6.049757980881355e-08,-1.4148950742093918e-07,-2.789152640018912e-07,-7.750455664661615e-08,1.2746216173832867e-08,-1.0032853691753757e-07,-7.444071069716879e-08,-6.24238272470751e-08,-1.452323549361666e-07,3.6639251752552754e-08,7.477297897173681e-08,9.443511624703426e-08,7.312394797194207e-08,5.7731887814262444e-08,1.1192866774793549e-08,5.862006750427934e-08,-1.861427734099205e-07,-1.4431362004338863e-07,-9.962811249836627e-08,-1.4170880163333496e-07,-1.1490922310016914e-08,-5.645126965736764e-09,4.2351999750885666e-08,-4.1776096158941074e-08,-7.96809641685115e-08,1.6845550517850506e-08,7.128069965808588e-09,-3.367154342776144e-09,-1.2460392341786426e-07,2.2908041613367446e-08,1.8870507286698453e-07,-3.6673241658426456e-07,-2.7985410462357107e-08,-1.3402733898476875e-08,-1.0424957125952398e-07,-1.671517538842936e-07,-1.0403130384090419e-07,9.20216854609883e-08,-1.7297363942956367e-07,9.121670675850034e-08,1.1609537020698601e-07,2.512448045370652e-07,-6.942018812841897e-08,-1.702685285513231e-07,3.0988729858533355e-08,1.144317013019549e-07,2.227310390007293e-08
