,1,1,2,3,4,5,6,7,8,9,10,11,12,13,1 2,1 3,1 4,1 5,1 6,1 7,1 8,1 9,1 10,1 11,1 12,1 13,2 3,2 4,2 5,2 6,2 7,2 8,2 9,2 10,2 11,2 12,2 13,3 4,3 5,3 6,3 7,3 8,3 9,3 10,3 11,3 12,3 13,4 5,4 6,4 7,4 8,4 9,4 10,4 11,4 12,4 13,5 6,5 7,5 8,5 9,5 10,5 11,5 12,5 13,6 7,6 8,6 9,6 10,6 11,6 12,6 13,7 8,7 9,7 10,7 11,7 12,7 13,8 9,8 10,8 11,8 12,8 13,9 10,9 11,9 12,9 13,10 11,10 12,10 13,11 12,11 13,12 13
1,2.0639470782279168e-05,4.612450539939341e-07,-1.216535094097906e-06,3.403706135250565e-07,-1.900900327656771e-06,-1.472040399753295e-06,2.271172361428827e-08,-8.141855036648706e-08,2.997656941788244e-07,4.86222152695999e-07,4.6842964413283763e-07,-9.974448118500331e-07,4.1920116022370497e-07,2.6089715425455654e-09,-1.8561619490645279e-07,5.513217251964466e-08,-2.6954762058711e-07,-3.0553063287010966e-08,9.27426544359503e-08,6.933792414108235e-08,7.806220238408606e-08,4.176012847845319e-08,5.7744072268322714e-08,-2.189291988043072e-07,-1.1096954978456707e-07,-8.49592603193209e-08,-1.0398244826549304e-06,8.291752959876238e-07,7.649968022942887e-07,-7.793441515352858e-10,-3.386394763091384e-08,-1.3814215384483645e-07,-3.86649148991493e-07,-3.2150517911338145e-07,2.399197095804798e-07,-2.6703589048998083e-07,2.1326381457338503e-09,-5.465434375344605e-07,-7.228738754774926e-07,-1.1852274159525776e-07,-2.8684886873663557e-07,2.1793146866393462e-07,3.203128867771568e-07,1.9187944711356015e-07,-3.0820994882769164e-07,4.5166015345531105e-07,-3.485351531811835e-08,5.827394601548226e-07,-4.170661375917424e-08,-4.21139531548667e-07,-3.2375507065351693e-07,-1.8186001376219554e-07,-1.751564543601695e-07,3.4355562818360287e-07,-5.981056404608565e-07,-1.1232544978339462e-07,-1.1801236691885316e-07,-8.306237003219593e-08,-7.03300935624837e-09,-4.703967474550726e-08,-1.9782142054825758e-07,8.427898480388798e-08,-3.449881493452844e-07,6.78593241869549e-09,8.841844544528466e-08,-3.883981675920585e-08,-1.604538379361824e-07,-1.4567562548965505e-08,-4.480751299803833e-08,1.646112959168584e-07,-1.2407533161809572e-08,5.370216990098215e-07,-5.8022155035994183e-08,-4.108128538048997e-08,-1.3641790730810067e-07,-3.95254871253943e-08,-1.1521360469625274e-07,-4.844232342120761e-08,1.1769869388003077e-07,-2.8652341868072362e-08,1.6683685213916438e-07,2.7163251821090565e-08,-2.3950984884612248e-08,-1.9554148480921513e-08,-1.4354400570101807e-09,-1.4748749338029213e-07,1.9655580952823322e-07,-8.994143063725757e-08,-6.14081944342243e-08,-1.6123216974104824e-07,1.9798421150748285e-08,1.637880697183356e-07
1,4.612450539939341e-07,2.0413373473075426e-05,-2.0895324080382053e-07,5.6988979574692504e-08,-3.0157019723591783e-07,-1.380597365741771e-08,8.939040207271173e-08,6.872822365752998e-08,7.783755824138811e-08,4.1974036040348653e-08,4.806401169072185e-08,-2.144722555350764e-07,-1.185675341992257e-07,-9.981907513254639e-08,-9.861956290522155e-07,7.361760683331041e-08,-1.6524901831687822e-06,-1.2693133229436139e-06,6.159665706142295e-09,-1.3101607597502163e-07,2.2951689428268048e-07,4.134198425809514e-07,3.984921895610507e-07,-9.013312843520395e-07,2.8249982026048103e-07,1.961959186751123e-09,-3.405043688357773e-08,1.4209281275315714e-07,1.8776111801339486e-07,2.2139412021863038e-08,-9.507634309356785e-08,-1.1501695893713602e-07,-2.0143122348911998e-07,-1.9655088889244918e-08,5.304008959455965e-08,1.540419473375004e-08,1.3577748950113436e-08,5.3149952045605644e-08,-1.3666270591157381e-07,1.1686009228970207e-08,-6.982753101840292e-08,8.196371211501697e-08,3.12765031387757e-08,9.309895597261143e-08,-1.0258823672980985e-07,8.624180339375842e-08,1.2029670542839462e-08,3.341983885344774e-08,-3.843954732671668e-08,1.0887578058716212e-07,-1.2273857462687885e-07,1.6909881932264052e-08,5.765291514225162e-08,2.4696491815424823e-07,6.07701998429252e-08,-4.356312719351835e-08,-5.370208178730915e-08,-1.715683260763746e-07,-5.7639443958484315e-08,1.7052905354597233e-07,-2.7262995908467568e-08,-7.2240701351567e-08,6.287442219505707e-08,1.1965878873057065e-07,1.0459374337526254e-08,2.0159942801145852e-07,-1.2211768417362765e-07,-2.9071039173845936e-09,-1.1990758132713425e-08,-4.1901584634672946e-08,9.80831524102783e-08,-2.748070257096452e-08,-4.342873169798438e-08,-1.3160495484032607e-07,-3.417047067634633e-08,-1.9686800927066826e-07,-2.8738134748179522e-08,-6.750003910274202e-08,4.361152476064187e-08,3.500065526163416e-08,-5.70831590143577e-08,-3.9264025471157684e-09,-4.037645458419972e-09,1.032844005525688e-08,1.2230187042198568e-07,-2.1651496032647428e-08,-1.2629555136128414e-07,-4.239985442839705e-08,9.589219123458337e-08,-7.761854608733779e-08,4.099469059703267e-08,9.05998594659009e-08
2,-1.216535094097906e-06,-2.0895324080382053e-07,2.059714762042278e-05,-1.1326263517240596e-06,8.705825198767929e-07,7.999923221854683e-07,-1.121554152590992e-08,-3.534494551568256e-08,-1.4089772358824402e-07,-4.042543518151369e-07,-3.412530318564287e-07,2.5252574261294466e-07,-2.802820727973458e-07,1.0830675849931643e-08,4.340156824482639e-07,-5.391757119793314e-08,1.3928452872682227e-07,2.084540941379636e-07,2.9866659381595866e-08,-9.211081691859401e-08,-1.2368802654527768e-07,-1.9758393106134162e-07,-2.8899385734039946e-08,5.828308569837423e-08,4.582121742206361e-09,1.9822493918086048e-10,2.416148190933663e-07,-1.8255726773075153e-06,-1.4258202610431401e-06,2.4584105206258912e-08,-1.1783763841224736e-07,2.515540077624194e-07,4.7188375347172416e-07,4.536157803718675e-07,-9.346895224177968e-07,3.4963015567082126e-07,-4.114965130311846e-09,6.948242820060519e-07,5.815167036564201e-07,-5.300629563244124e-08,6.575161692657556e-08,-2.1356789982716555e-07,-2.5625133033659685e-07,-2.598676824022614e-07,3.3233779593461564e-07,-3.784291210635413e-07,6.942186061377504e-08,-6.87502861664543e-07,1.6664502791482664e-07,1.6066774260515824e-08,1.5405879381849983e-07,2.9346519544850504e-07,1.4526984130208118e-07,-1.4836588514698504e-07,2.7609737477757396e-07,1.467225385934036e-07,-8.687570804885597e-09,1.3469608175766905e-07,-3.8006451256118535e-08,1.0326055069352053e-07,1.8560921986280688e-07,-7.914736405701642e-08,1.4391056095652605e-07,-3.58180378897623e-08,-1.2651407836950596e-07,5.7296495667844075e-08,3.4645014529858894e-08,-6.876571379440359e-08,5.746496793004123e-08,6.432573710301059e-08,1.4887376685185676e-07,-1.7434825273364868e-07,-8.810860544850736e-08,1.1436135703172017e-07,3.8600437440842445e-08,2.3147872562063042e-07,-1.4439377820302247e-07,-2.2120244686014102e-08,2.620158313915394e-07,4.5162862936007486e-08,6.851309625090869e-08,-6.085462433302755e-09,-8.371140119370202e-08,-4.454572140256008e-08,4.222911411019506e-08,2.6214412869488722e-08,9.763708090983603e-08,6.19667821373822e-08,-4.73511421460007e-08,-1.194689330394986e-07,-1.4544090371382262e-07,-9.312009824894576e-08
3,3.403706135250565e-07,5.6988979574692504e-08,-1.1326263517240596e-06,2.0707169522761477e-05,-6.116794204661846e-07,-8.18439192610732e-07,-1.570823130246779e-07,-3.184723313689107e-07,2.2513989566976688e-07,3.3534337443464415e-07,1.9603303776507467e-07,-3.297657374909401e-07,5.006331640836241e-07,-3.6974356978480786e-08,-5.4338380084201774e-08,4.3226836523981895e-07,3.890389942584236e-08,-1.4114920351928526e-07,-2.143394389094705e-09,-7.456887855568636e-08,7.994502526574635e-08,2.8279553244802503e-08,1.0807091667867475e-07,-1.2095963123034323e-07,1.0156681406709304e-07,2.3416677848064792e-08,-1.1214326185180476e-06,7.031812391479036e-07,5.987507722139446e-07,-6.110801851125313e-08,3.4183623642876844e-08,-2.071198153871434e-07,-2.61692193611273e-07,-2.3884411349877623e-07,3.110060142561361e-07,-3.9060214639459524e-07,7.408487570132425e-08,-1.8935128968714433e-06,-1.449015225832724e-06,-8.782399450278554e-09,-2.3025566201597863e-07,2.782727380391389e-07,4.6851426614512043e-07,4.700178294393205e-07,-1.0212718990943018e-06,3.6523122304017793e-07,1.515492882112367e-08,1.3095705092278154e-06,9.058264193237009e-08,5.50249886682768e-07,-3.0672547963382004e-07,-1.8506411514326537e-07,-6.813125127627781e-08,4.84811282572114e-07,-4.2512386717800957e-07,-1.1895638266267707e-07,1.1075283537037172e-07,6.087956066572835e-07,-3.3712611361876156e-08,-2.821648058546771e-10,-2.9126287953601636e-07,4.337814754965265e-07,-1.1876033729830763e-07,-5.708157011515621e-08,1.5810252979364555e-07,-1.1827524380770895e-07,1.1073580533038873e-08,-2.0860429176907868e-07,1.6247462482843786e-07,-1.1770383917884334e-07,-1.471836645481395e-07,1.054975843652803e-07,-1.9040056965695471e-07,-1.0588213044155805e-07,1.2815140782305407e-07,5.9456091726843133e-08,2.1333164988160077e-08,1.0627932062002573e-08,-5.2223828026320295e-08,-2.6995054544084976e-07,1.3683563854389363e-07,4.414345055685776e-08,3.645245259378059e-08,-2.7164004478511147e-07,1.8117634856993565e-07,-1.3876923622231994e-07,-1.8669813017767497e-07,1.8815469527006715e-07,1.2813782035201524e-08,-7.886479254654982e-08,2.591171926955143e-09,4.352741302622706e-08
4,-1.900900327656771e-06,-3.0157019723591783e-07,8.705825198767929e-07,-6.116794204661846e-07,2.07088274531142e-05,5.496113340270564e-07,-5.093442366675347e-08,-4.886304275794249e-07,-3.24199891651601e-07,-1.93913066977863e-07,-1.8628891733927055e-07,3.1941532813184436e-07,-6.394664362336179e-07,-1.1122641173430672e-07,1.364354820158952e-07,5.0322412864876396e-08,4.4131608380129546e-07,5.3103683420861295e-08,-4.069302225949227e-08,1.1367671545665051e-07,-1.3254950590926296e-07,1.4490101499150185e-08,5.946441834153239e-08,2.391766557240586e-07,3.826049865928062e-08,-6.8926939497337e-08,6.318247194525221e-07,-1.1726267741156271e-06,-6.532149549552784e-07,1.701405204606743e-07,4.485536517625492e-08,1.5008001059235797e-07,2.8138997470782977e-07,1.294040112192306e-07,-1.2655336334676198e-07,2.866187833807249e-07,1.59900405896055e-07,2.0993267079609418e-07,1.2634572785862375e-06,6.776635904136831e-08,5.565996743502086e-07,-3.0825711800030934e-07,-1.8382656708996764e-07,-9.440961149655442e-08,4.889943990547843e-07,-4.0105880015403464e-07,-1.2623673608509228e-07,-1.4916980560443422e-06,3.625416938430634e-08,-1.0660938180354158e-07,3.1320980007180266e-07,4.7428355425414213e-07,4.4395058719004006e-07,-1.0117607158066656e-06,3.990140631466063e-07,3.180869235079679e-08,1.0701437010242493e-07,6.410900463398293e-07,8.351269919754989e-09,-6.443490061919613e-08,-1.3644633487204532e-07,3.3886191079543837e-07,3.2836296124428245e-07,1.2714158925464457e-08,-1.0468523568611972e-07,1.4101327728744994e-07,-6.462971652914425e-08,8.17482070037007e-08,4.7638389417608976e-08,-2.2896708632862992e-07,1.3781247066795674e-07,-4.1291687989668356e-07,-1.911257811454146e-07,-3.259317339651076e-07,5.652528140675302e-07,2.1163715259385964e-07,-1.8317160609689186e-08,-1.407904346176724e-07,2.167088024585759e-09,-2.9200246366356985e-08,-1.259184755894563e-07,-7.166554848869986e-08,1.4688894059709238e-07,-5.620184628256303e-08,-1.31320693168999e-07,6.586662038345862e-08,-6.023606650873475e-08,-2.7579182673491672e-08,-6.599530572457997e-08,3.3430430513374245e-07,-1.4982655395201485e-07,-6.621658136991484e-08
5,-1.472040399753295e-06,-1.380597365741771e-08,7.999923221854683e-07,-8.18439192610732e-07,5.496113340270564e-07,2.063337349809432e-05,-1.0863584036554241e-07,-8.666350088284686e-08,-3.5004430260893055e-08,-6.353224787571844e-08,-2.1425083058084792e-07,9.128744849492334e-08,-3.534392022801561e-07,9.357300582440238e-09,1.9425426899624922e-07,-1.416016257100427e-07,2.055123209911998e-08,4.3437537426667647e-07,-6.209857897106308e-08,-1.7991257186442257e-07,-6.60268786891321e-08,1.6984826526587942e-07,-4.3104774343097566e-08,-6.3489786975124e-08,5.15633586551548e-08,1.1820667550182683e-07,5.3299364335579e-07,-6.530314190322449e-07,-1.1294902939088532e-06,-1.7968749738561114e-08,1.3405570284242937e-07,-3.5843330318632935e-08,1.0180913532362118e-07,1.9710280088541972e-07,-6.414481292706936e-08,1.4938225798759294e-07,-3.7882830088290236e-08,1.286911550207124e-06,1.918077407051216e-07,1.0809807196709142e-07,6.151882991984391e-07,-3.325550438440645e-08,2.610685792810762e-09,-3.0699851573627084e-07,4.3605345775730075e-07,-1.0141130922336128e-07,-6.394693922256562e-08,-1.8485368622459477e-06,1.0002406665446555e-07,6.111432718096433e-07,1.2547606568830099e-08,-5.322457703656688e-08,-1.2474397694429617e-07,3.2937873620492323e-07,3.1690393022196917e-07,6.2185007113071055e-09,2.683355565563534e-08,-1.5845876324876756e-07,2.2669165273779707e-07,4.222661307417663e-07,4.4106638174392656e-07,-9.432458901219443e-07,3.36240230205812e-07,1.9729265305957644e-08,-1.3643828306774282e-07,1.1388016989100949e-08,-1.7938806768351527e-07,1.8072853714256157e-07,3.5869036055532936e-08,-1.2105728276504012e-07,1.819688815673289e-09,-2.5949552540153336e-07,-6.923798518449472e-08,2.0030736031022447e-07,-8.407536669210753e-08,-1.1917560131117729e-07,-4.8153039721538515e-08,1.3317361972099802e-08,-1.1508906638564095e-07,5.472183182357815e-09,6.877837993022197e-10,2.7690386934358337e-08,4.55008956599892e-09,-1.93385092533625e-07,1.3292898765257493e-07,8.179232884072225e-08,-5.7822225726860064e-08,2.0136057273812318e-08,-9.879426978044222e-08,4.8511670671514306e-08,-6.537397692890665e-08,-3.140697153059782e-08
6,2.271172361428827e-08,8.939040207271173e-08,-1.121554152590992e-08,-1.570823130246779e-07,-5.093442366675347e-08,-1.0863584036554241e-07,2.042117951702735e-05,9.890721457569629e-08,-3.5049524812681586e-08,-1.7028050482872715e-07,-3.370929865566767e-08,-3.610681508247864e-08,1.790209691713113e-07,1.775906819916957e-08,3.240078392702278e-08,1.131926219036775e-08,-3.884338050215113e-08,-5.0459344427422704e-08,3.989302216339292e-07,6.757228518056816e-09,2.0696066436978035e-07,-1.1896802886890627e-07,1.579342146291094e-09,-8.48597614313641e-09,-4.484742536339519e-08,9.9387734835745e-08,-4.763304715754843e-08,1.6529484161890117e-07,-1.5578102353046808e-08,-9.8032186861182e-07,-1.144748823214059e-07,4.531547243479474e-08,5.309635199596983e-08,-6.982096719291128e-08,5.028097706587665e-08,6.446403589788026e-08,1.3349329191278945e-07,9.044778254261299e-08,1.1476944685043764e-07,7.028147949589324e-08,1.339106318176748e-07,-9.090859538460788e-08,-1.5639940298905252e-09,-1.9858213888962152e-07,1.605503427071844e-07,-1.2431944221315018e-07,-1.278581847603365e-07,1.0152709787176738e-07,-1.6566251567888095e-06,-1.1220154468253817e-07,1.4706533535808323e-07,-5.389204049380904e-08,8.531151068943638e-08,4.1930270274562936e-08,-2.249259874735663e-07,1.019248452017693e-07,-1.2696678302379253e-06,-1.345769535771028e-07,4.868313469201825e-09,-1.6804174851549602e-07,1.8342552048465938e-07,3.548746122875684e-08,-1.3684043889566235e-07,-8.175237987700688e-09,-1.382662342440052e-07,2.22826230528498e-07,4.0580491745222665e-07,4.0080913174844305e-07,-9.051594402975055e-07,2.866489187298328e-07,-4.738560721688516e-09,8.99618433425506e-08,1.7381211860188745e-07,5.6241021172090794e-08,3.665165360739763e-08,-1.1898658748965123e-07,-1.972133870812689e-07,-6.185748125294007e-08,-9.711670889947279e-08,-9.218113334540441e-08,-1.2586151534134386e-07,-5.6472840966919576e-08,-9.890188976874725e-08,2.8290531625507607e-07,3.7617004049340364e-08,1.222541317973023e-07,-2.7207150568765473e-08,2.252296658281073e-08,4.174160243324785e-08,-1.8732998603183335e-07,-9.614208374486985e-08,-1.601735913059277e-09
7,-8.141855036648706e-08,6.872822365752998e-08,-3.534494551568256e-08,-3.184723313689107e-07,-4.886304275794249e-07,-8.666350088284686e-08,9.890721457569629e-08,2.053608571062247e-05,5.711254169430115e-07,-4.692030429452239e-08,-6.25630924615467e-08,-1.0480186588245907e-07,-6.649878131629236e-08,-1.386688514851564e-07,-1.0581463363171857e-07,-6.09364103919303e-08,9.559583966952368e-08,-1.5398560216467138e-07,3.88073307573023e-09,3.97966361702736e-07,-3.736675927830226e-08,-4.244263139764866e-08,-1.3203553781828033e-07,-3.413627335010227e-08,-1.9417899582773202e-07,-3.6737958383154256e-08,2.2850391733441344e-08,4.7836134885152615e-08,1.3981171468577736e-07,-1.115942365093021e-07,-1.0124042319546254e-06,-1.7032409499530162e-07,-7.382171591277016e-08,1.414382887560673e-07,3.080799760392358e-08,2.5749460055558217e-07,-1.3310484411663142e-07,5.538959628980323e-07,6.099267397037209e-07,1.2847899926589705e-07,3.385094019471405e-08,8.895145924535597e-08,-1.8546276532439289e-07,-1.0638125220774994e-07,1.2586955486193797e-07,7.921276365107237e-08,2.3242426203968754e-09,6.445912251459905e-07,-1.1021287153202765e-07,-1.715382850719169e-06,-4.300580333828548e-07,-1.8703088713442242e-07,-3.180585019999068e-07,5.462468972216371e-07,2.2424686093793004e-07,3.2068516872626495e-09,-1.2073318360106308e-07,-1.3504860517512049e-06,-2.864745078732482e-07,-7.288735988042642e-08,2.2214888395000204e-07,-1.0431295103403538e-07,-1.1318940194854568e-07,-1.6429413358780323e-08,2.163287435641303e-08,9.262644363591168e-08,1.8334701433064583e-07,4.7656033595897896e-08,3.8189386143702054e-08,-1.2519550387579385e-07,-1.9931631364304397e-07,2.479746992829738e-07,4.479826719015596e-07,4.207079117245504e-07,-9.501455484226759e-07,2.7042623714261534e-07,-1.0523440272560607e-08,2.3643071224564175e-07,1.2608534248787296e-07,-2.230615562684264e-07,3.234777699017391e-08,-1.299657427371467e-07,1.1462524636103673e-08,7.818582195717146e-08,-6.65196259199181e-08,3.65944403432401e-08,4.792585988980202e-08,-1.1863643162490056e-07,9.81683737389119e-08,-2.0133967185482253e-07,1.2229452424636003e-07,4.6142128299382166e-08
8,2.997656941788244e-07,7.783755824138811e-08,-1.4089772358824402e-07,2.2513989566976688e-07,-3.24199891651601e-07,-3.5004430260893055e-08,-3.5049524812681586e-08,5.711254169430115e-07,2.0448215884768092e-05,-3.3712231244789863e-08,1.458800924361922e-07,-3.180255941671473e-08,1.7374904165557694e-07,2.9422676345197145e-08,-1.2099579670371059e-07,7.840629451573901e-08,-1.225304724006956e-07,-5.562644344832409e-08,2.102415530783143e-07,-2.9744380039738256e-08,4.053040107675206e-07,-7.478395810623816e-08,5.2954292628729726e-08,2.8713288386224762e-08,-5.032165877491639e-08,5.562873985162184e-09,-2.02831780852243e-07,1.526361799087764e-07,-2.5761329572065208e-08,5.5099314762900265e-08,-1.7520032126439861e-07,-9.958043365933088e-07,-1.319524313759042e-08,2.515008862974369e-07,3.538119511558497e-08,6.249884427119644e-08,-1.0524625036572325e-08,-2.941387962422718e-07,-2.3466161395422947e-08,-9.044596178148649e-08,8.605862511181735e-08,1.0073366647678411e-07,5.451030938382779e-09,-4.099417840216071e-08,-2.7123164138850436e-07,1.4769916515377388e-07,4.330689520556541e-08,3.720913046986504e-08,1.4145249432684773e-07,-4.235707398171712e-07,-1.6847933971735092e-06,-1.3544140827936004e-07,-2.632001306558357e-08,-1.7679220471147244e-08,-1.5278076232434864e-07,-5.320634371830115e-08,1.9773336904132834e-09,-2.805264196821254e-07,-1.2855533008774093e-06,2.0578635938316227e-08,-1.4093776049099648e-07,-1.3807709567947168e-09,-7.306202164960072e-10,2.7192843702053425e-08,9.868353155040969e-08,6.22167816209751e-09,-5.2315518811687297e-08,-9.182052108236848e-08,-8.603065645546764e-08,-1.2649289471117692e-07,-5.889859272952162e-08,-1.0502966138933567e-07,2.2944838948071612e-07,1.204107427356739e-07,-2.217167312186249e-07,4.58092254093888e-08,-1.0829028338703602e-07,4.2240120682417815e-07,3.9489343268549155e-07,-9.091710223417972e-07,3.0101005465308935e-07,-5.685484245456298e-09,-3.1830023342066684e-08,-3.5990815991393313e-08,8.43731454454554e-08,-3.829584558953632e-09,1.4436021085435862e-07,-9.196712355911026e-08,1.942792407462137e-08,-7.705312520527505e-08,-1.4544048570222229e-07,2.9505684291229053e-08
9,4.86222152695999e-07,4.1974036040348653e-08,-4.042543518151369e-07,3.3534337443464415e-07,-1.93913066977863e-07,-6.353224787571844e-08,-1.7028050482872715e-07,-4.692030429452239e-08,-3.3712231244789863e-08,2.0436631039984504e-05,-1.6169510394597592e-08,6.421517800164662e-09,1.08425350785636e-08,-1.413727260676867e-07,-2.0451869297007817e-07,3.294743001601738e-08,2.5381454273544787e-08,1.6259489777742643e-07,-1.2014826448239588e-07,-4.5719003942041455e-08,-7.144990856715586e-08,4.0975689229508197e-07,-2.6630693502091532e-09,1.2078031300762727e-08,1.292167825495203e-07,-1.7728487252893837e-08,-2.500834892412186e-07,2.9041987229746155e-07,1.1018403424224209e-07,5.389493639160259e-08,-7.632249428099592e-08,-1.0354697559891754e-08,-1.006214545599288e-06,-7.709734208840982e-08,-5.053598613182323e-08,4.744883530122323e-08,1.9603430492151108e-08,-1.879329374540828e-07,-7.541098148728134e-10,2.300352796072549e-09,-1.9555616969067062e-07,9.796826558380337e-09,9.339204277216696e-08,5.221578360775286e-08,-2.8561728874881487e-07,1.8904889400614078e-07,-1.2773789311759693e-07,-3.818166272186177e-08,-4.907659169501432e-08,-1.6672156553800318e-07,-1.431531770922518e-07,-1.6693378596857431e-06,1.4511709779379901e-07,-6.124184480401641e-08,-1.305288149631713e-07,6.225044932212216e-08,-1.7317128848458087e-07,-6.888897150525931e-08,2.0299863423853962e-08,-1.2667480589696822e-06,-5.37435165176964e-09,-1.9718607191019143e-07,1.4105028663265205e-07,6.343529191243275e-08,1.816263275553723e-07,-5.967906632865734e-08,2.6662464493507237e-09,-9.376996515818329e-08,2.8015102837983806e-07,3.1540566304954603e-08,1.1744262199273694e-07,2.2776341594696626e-07,-1.3909743691804047e-07,1.2660809250234904e-08,7.474279009331811e-08,-6.360556038759336e-08,4.6099751308798976e-08,2.2257403687547675e-07,-3.7308435207098486e-08,-3.414957361453186e-08,7.934603178802622e-08,-7.3741192919022885e-09,3.983892709513221e-07,-9.106610384566085e-07,2.900935511774232e-07,-1.187943536726924e-08,1.1449542859293027e-07,-6.071511468755758e-08,-9.503555898173995e-08,1.0410305607999548e-08,1.2316097084609668e-07,5.34625964820495e-08
10,4.6842964413283763e-07,4.806401169072185e-08,-3.412530318564287e-07,1.9603303776507467e-07,-1.8628891733927055e-07,-2.1425083058084792e-07,-3.370929865566767e-08,-6.25630924615467e-08,1.458800924361922e-07,-1.6169510394597592e-08,2.0431810104762262e-05,1.7954620838702785e-07,-8.663102467166704e-08,-6.612751020124684e-08,-3.021099489718047e-08,1.03473951549478e-07,6.310593159500286e-08,-4.672624528193257e-08,-1.662314093396919e-09,-1.2726606670597763e-07,5.789310669528973e-08,-1.0971995237873784e-09,3.9858303135812743e-07,-1.1986052325070408e-07,-3.674609839079764e-08,9.185520528085815e-08,-2.3138594937797657e-07,1.470473950383973e-07,1.9035599516141697e-07,-7.616930314968078e-08,1.2443655687721924e-07,2.4590425012561235e-07,-8.867967968085117e-08,-9.991927299643507e-07,8.305954813309697e-08,6.706550947074142e-08,-3.7409830571010765e-08,-9.158547363517139e-08,-2.8848569729888285e-07,-1.973013054676077e-07,-1.1181846411236806e-07,-4.481003182647263e-08,5.18084349595529e-08,8.61745079351557e-08,-1.950831589013232e-07,2.0370342145276722e-07,2.2604003266049392e-08,-1.1350049110456824e-07,9.163800790396234e-08,-3.0246824625951403e-07,-2.1820537611331222e-08,1.4875124221525242e-07,-1.6583660506262514e-06,-8.06637403834637e-08,-1.0897487243136059e-08,-6.047568608590364e-08,1.696659695741401e-07,2.056517374361811e-07,-1.397424577994621e-07,-3.3913357442502935e-09,-1.2895859097838925e-06,-6.452107886453264e-08,3.088214425869419e-08,-8.293972654833129e-08,5.2601818077376266e-08,-9.181734616280092e-08,-9.064366578747956e-08,2.0728646692325176e-09,-2.7898431236874432e-08,2.45912738806667e-08,2.8023793464285665e-08,1.1150382823010233e-07,1.250519003556129e-08,-1.325722124163264e-07,4.141605651038034e-08,-1.0159240263325553e-07,1.0616364155402872e-07,-2.8195509722230397e-08,2.25016912175849e-07,1.428875626987524e-07,-8.6461873972707e-08,1.7457812979348566e-08,4.082183181225748e-07,1.0982192576503584e-07,-5.620959758897919e-08,-1.0224239011500108e-07,-8.927511345995336e-07,2.831343484813179e-07,4.56997392368455e-09,-2.378868960102766e-08,-4.241599638442467e-08,3.885236302398333e-08
11,-9.974448118500331e-07,-2.144722555350764e-07,2.5252574261294466e-07,-3.297657374909401e-07,3.1941532813184436e-07,9.128744849492334e-08,-3.610681508247864e-08,-1.0480186588245907e-07,-3.180255941671473e-08,6.421517800164662e-09,1.7954620838702785e-07,2.047912148389076e-05,-1.90850059716061e-07,2.8987036369835918e-08,4.1951014667378583e-08,-1.022946759834459e-07,2.3924274823759664e-07,-6.1042426363324e-08,-1.732715668108058e-08,-2.931994645130876e-08,2.550486721595576e-08,1.4349870386963438e-08,-1.312503404237404e-07,4.09955269239451e-07,-8.963683809812225e-08,4.011324626965597e-08,2.814496442085792e-07,-1.2713479129508152e-07,-7.490655597824994e-08,5.602577519911656e-08,2.43154996137462e-08,3.753864939811725e-08,-6.090454386440571e-08,8.43805805637118e-08,-1.0004133380778661e-06,-1.2770018716999118e-07,-1.3184235688663318e-07,4.806222969164125e-07,4.075725893367417e-07,1.517215184361187e-07,1.2145227775942422e-07,-2.6703450944821625e-07,-2.667992470911072e-07,-1.920492984102485e-07,9.443797451979499e-08,-7.02061269195493e-08,-4.529263096208002e-09,3.2870686621028784e-07,4.0141444305913424e-08,5.181814539422943e-07,-3.2897622635059306e-08,-6.620896637590646e-08,-8.452535842268401e-08,-1.7047350922768912e-06,3.377936376290773e-07,-1.5687496701301976e-07,4.6600289203229856e-08,-9.56980545919733e-08,-8.526601516928418e-09,-1.997972923403622e-07,-6.586319173758814e-08,-1.288630231519621e-06,5.4364060036447e-08,-4.142505870246972e-08,3.333310266554628e-08,-8.791964002988651e-08,2.7980838783071945e-07,-3.121200483916854e-08,1.427193205197894e-08,-1.8856482196669902e-07,-8.68668981462358e-08,-2.0404126120311486e-07,8.266366869229401e-08,4.1510925035000076e-08,-1.130389426398676e-07,-1.9895847141457502e-07,1.104053823235349e-07,-3.801752720226509e-08,1.590473746243317e-07,2.426058989856685e-07,-7.521975653892218e-08,-1.568421625552519e-07,1.2172637457745494e-07,4.1737611926301225e-07,1.0094131406175075e-08,1.1711331986070697e-07,4.029244486180061e-07,-4.071432515177961e-08,-6.168251492386686e-08,3.00582392935871e-07,-1.882853689894299e-08,-1.2892659232346404e-07
12,4.1920116022370497e-07,-1.185675341992257e-07,-2.802820727973458e-07,5.006331640836241e-07,-6.394664362336179e-07,-3.534392022801561e-07,1.790209691713113e-07,-6.649878131629236e-08,1.7374904165557694e-07,1.08425350785636e-08,-8.663102467166704e-08,-1.90850059716061e-07,2.0473614356139805e-05,1.5688818471638704e-07,2.0733174549820214e-08,9.215393830575533e-08,5.161436973076432e-08,4.880269209180189e-08,-4.121065885431015e-08,-1.966221999855352e-07,-4.727212817654789e-08,1.2237244671177262e-07,-4.3612999672073386e-08,-8.363923574588352e-08,3.993872898285751e-07,8.85832135869829e-08,-3.820627345306346e-07,2.8752541046962684e-07,1.684440666204852e-07,6.570855136454769e-08,2.330014071173748e-07,5.8350079169936685e-08,4.258632672590055e-08,7.204208516154396e-08,-1.154424105032495e-07,-1.0239242306249674e-06,-8.552246926724352e-08,-4.084894469411362e-07,-1.3720394514030092e-07,-1.2403242000967682e-07,4.973911926255326e-08,1.5445751133345455e-07,1.989939260981287e-07,2.1629570065580567e-07,-9.37952044720484e-08,1.1720491575180599e-07,2.7252427379432977e-08,3.515560487550046e-07,-2.2530689040132815e-07,2.3100592045510559e-07,-1.54965201283657e-07,-1.4378270600956668e-07,-1.3616682860107445e-08,3.554347295985959e-07,-1.7090103149259915e-06,-6.359230123078401e-08,-1.385958616232212e-07,-1.1357351145515093e-07,4.9258753203783104e-09,1.3947180199580874e-07,3.038014792806088e-08,6.717533310528857e-08,-1.2991645024033768e-06,-2.812679517123928e-08,-1.0583043831259555e-07,-1.2186738068399503e-07,3.8928794515366024e-08,1.5865614083227096e-08,-1.8478785945737812e-07,1.567736438940384e-08,-9.480557313280736e-09,4.866261682679485e-08,-6.194256388236002e-08,-1.0553137247797922e-07,-1.9866123677128583e-07,-1.331148400211934e-07,4.336080002714944e-08,7.926405981977821e-08,-1.0516479575271379e-07,-7.925185295201779e-08,2.322014722437282e-07,2.0707089558762625e-08,-6.11673374738322e-08,2.9703807397652137e-09,4.185774617971015e-07,4.895229770955788e-08,-3.077062622507814e-08,3.9332252048257395e-07,4.432521993431809e-08,-9.158111741377189e-07,-1.171374764368391e-07,1.1992901927086486e-08
13,2.6089715425455654e-09,-9.981907513254639e-08,1.0830675849931643e-08,-3.6974356978480786e-08,-1.1122641173430672e-07,9.357300582440238e-09,1.775906819916957e-08,-1.386688514851564e-07,2.9422676345197145e-08,-1.413727260676867e-07,-6.612751020124684e-08,2.8987036369835918e-08,1.5688818471638704e-07,2.040241730790087e-05,8.884768025899047e-09,1.5240397197604386e-08,-4.7772821040114646e-08,1.1865248407265702e-07,1.0625376630586477e-07,-2.6268276244755268e-08,2.4539202362797134e-09,-2.7788585809642102e-08,9.428047035630756e-08,3.622225774671857e-08,8.267117668170497e-08,4.0159896359268313e-07,7.692634400552766e-08,1.434538290201769e-07,-4.136147210783113e-08,1.27737102802434e-07,-1.2960649955991965e-07,-5.7263584020562605e-09,1.915782865565184e-08,-3.416592155207695e-08,-1.4029168818496892e-07,-9.39449404685291e-08,-9.869042598324304e-07,-1.162253349544231e-07,-5.690874098555184e-08,-1.3238013019067047e-07,6.6820886426500395e-09,2.947965372094704e-08,-1.223611126512715e-07,2.1753508853423205e-08,-8.388115719164195e-10,2.7460405343812396e-08,8.050099656372691e-08,8.103993775938365e-09,1.0525477647680478e-07,-1.985363153158315e-09,-5.5165569990259704e-08,6.213668848549006e-08,-5.8424189385105037e-08,-1.5765859171753886e-07,-6.904381837730394e-08,-1.6419462448235934e-06,-5.168774833945711e-09,-2.234338187258473e-08,3.766795236647611e-08,6.243735269801736e-08,-8.507994331942999e-08,-4.604454881980952e-08,-3.065052982259368e-08,-1.26998525846438e-06,-1.9244100304292396e-07,-5.776162559950911e-08,1.2081880467389795e-07,3.271262929117829e-08,-9.37801973617341e-08,-4.2786042109059123e-10,8.822744622799135e-09,-1.1484525141750567e-07,3.480734081140843e-08,1.0259074351562428e-07,1.211640192175697e-07,4.337102062816296e-08,-1.2961483861961554e-07,-6.589688881407842e-09,5.247385729373767e-09,-1.4995563433704507e-07,2.3823054093031033e-08,2.3104988933935688e-07,-1.0338489102134094e-07,1.1606711356616074e-07,5.510238410752515e-08,4.0867646041065306e-07,-3.951222269618516e-08,3.8570478946371814e-08,3.9951582207606865e-07,-1.1952178937705617e-07,-8.934235446211409e-07,2.7762147984155554e-07
1 2,-1.8561619490645279e-07,-9.861956290522155e-07,4.340156824482639e-07,-5.4338380084201774e-08,1.364354820158952e-07,1.9425426899624922e-07,3.240078392702278e-08,-1.0581463363171857e-07,-1.2099579670371059e-07,-2.0451869297007817e-07,-3.021099489718047e-08,4.1951014667378583e-08,2.0733174549820214e-08,8.884768025899047e-09,2.022518089858762e-05,-8.569829797005045e-07,6.062133168422287e-07,5.626371178503575e-07,5.952246227593918e-09,-3.501852943504428e-08,-1.0593652419198937e-07,-3.1982164824084763e-07,-2.653050532557268e-07,1.6732605230506847e-07,-1.8319148461956712e-07,1.1628750459817297e-08,3.022011981932541e-08,-2.3129773257877697e-07,-9.55393549352799e-09,8.647720674298917e-08,8.226529771327616e-08,5.217674841541449e-08,5.0284230286426556e-08,4.70006502211084e-08,-1.8747701840034363e-07,-1.2991749430365861e-07,-7.923929017995671e-08,-1.0435111963449656e-08,-3.652955860555256e-08,-3.1723984318203155e-08,8.717357733809808e-08,3.71428072391128e-08,2.2488274843288463e-08,1.2635450477624874e-08,1.5644937633530544e-07,-1.0686169916480592e-07,2.6720144865751598e-08,-8.49936364131633e-08,-9.987628275692408e-09,2.1711174728753891e-07,5.338123042336528e-08,7.660199787782314e-08,5.416165771273992e-08,4.2651997855283e-08,-1.2065944725759717e-07,8.838559228744192e-08,-1.428354815174296e-07,-5.46506535554082e-08,-9.505873245395635e-08,-4.9212681090484466e-08,1.450988404321193e-07,1.1700265184265417e-08,-6.40743064346847e-09,5.6933488493056675e-08,-4.67981575945597e-08,5.6937453519732254e-08,-1.6268333670417642e-07,-7.578097313122713e-08,-2.6726124628274103e-08,-3.124966844773576e-08,-1.6094215933084564e-08,1.5862550675606056e-07,-6.234032988433481e-09,-2.642812925368689e-07,-4.172000435398965e-08,-2.4740333425289934e-09,-1.4883356386710238e-07,6.99814708387131e-08,-1.4613846180164856e-07,9.362207797511373e-08,-1.4054427142536454e-07,2.8286712702077583e-08,6.124422406468851e-08,2.153194610723292e-07,1.0234076273043297e-07,-7.248390054884812e-09,3.1033269891704093e-09,7.489322625866285e-08,2.999967622139805e-08,1.5542274216966794e-07,9.654871352172832e-09,-8.955603390251581e-08
1 3,5.513217251964466e-08,7.361760683331041e-08,-5.391757119793314e-08,4.3226836523981895e-07,5.0322412864876396e-08,-1.416016257100427e-07,1.131926219036775e-08,-6.09364103919303e-08,7.840629451573901e-08,3.294743001601738e-08,1.03473951549478e-07,-1.022946759834459e-07,9.215393830575533e-08,1.5240397197604386e-08,-8.569829797005045e-07,2.016916540016082e-05,-3.100382061123982e-07,-4.983091551286259e-07,-1.017456189849203e-07,-1.8146230654823534e-07,1.5062243266955553e-07,2.4872715205394623e-07,1.2035213921164925e-07,-1.8067065715169266e-07,3.504828406602184e-07,-5.304040911097529e-08,-1.405187359625651e-07,-2.1185603084645122e-08,-2.688913072965491e-08,-3.04895038771785e-08,7.408504160534488e-08,3.564516048061351e-08,2.6506777346602456e-08,1.658966561542222e-08,1.4616899570073185e-07,-9.571159619203523e-08,2.3858406184330405e-08,-2.3522562356330256e-07,5.865368029760095e-09,8.790387730892532e-08,4.624499942922426e-08,5.0909112967979325e-08,3.689574048937353e-08,3.537087112778558e-08,-1.8563278122173245e-07,-1.1429664429186961e-07,-8.108692695539559e-08,1.9968870835400795e-07,-1.3017708988950103e-07,-2.1915951598740293e-07,-1.39099310712147e-07,9.245390033851585e-08,-5.5775312796932876e-08,1.0408233330290914e-07,-4.082234650266717e-08,-3.5856335642076026e-08,-6.154452388164858e-08,1.3081466598744126e-07,-1.1619040764696687e-07,-2.7691183429302217e-08,-7.782974719480372e-08,-1.1993217272503888e-08,-4.4357527170911414e-08,-1.194491690835511e-07,3.0048199037737236e-08,-6.269211082340994e-08,7.031969553524855e-08,-7.780817756273622e-08,-4.3902608810463835e-08,-8.004720505167562e-08,5.309314500622143e-08,6.616425115746524e-08,-2.8890907428818685e-07,6.465563016884342e-08,5.6039738641358445e-08,4.8086757821767084e-08,9.694318137028858e-08,-4.281731353116985e-08,-5.272072000777634e-08,-7.725283038465861e-08,7.335583744085506e-08,7.843091613120205e-08,-2.7106888204998586e-08,1.4693772436784854e-07,-2.2597012797510016e-08,-8.182038819572332e-09,-3.323742129378799e-08,-9.531286153168581e-08,-9.939156914361348e-08,-1.523636161432e-07,-1.1822745581777091e-07,7.207034657377512e-08
1 4,-2.6954762058711e-07,-1.6524901831687822e-06,1.3928452872682227e-07,3.890389942584236e-08,4.4131608380129546e-07,2.055123209911998e-08,-3.884338050215113e-08,9.559583966952368e-08,-1.225304724006956e-07,2.5381454273544787e-08,6.310593159500286e-08,2.3924274823759664e-07,5.161436973076432e-08,-4.7772821040114646e-08,6.062133168422287e-07,-3.100382061123982e-07,2.0283882493745217e-05,3.5722993196607426e-07,-2.7937077727492076e-08,-3.749425666372126e-07,-2.5746364587339274e-07,-1.1285112275649512e-07,-1.4779875335557254e-07,2.412271539675616e-07,-4.814280723214457e-07,-1.079618645029795e-07,-3.349566073955147e-08,-1.5847697346867435e-07,-6.808371166434583e-08,3.971755344391359e-09,2.1551835492114555e-07,4.5089954689833e-08,6.803048660628066e-08,5.0750449753928325e-08,3.862940560671116e-08,-1.2056122422553852e-07,8.5283488794597e-08,4.4217786779593584e-08,1.9933848448436548e-07,-1.3319197209271035e-07,-2.1128482885613896e-07,-1.4563391906546555e-07,8.926083640763595e-08,-6.292401897642439e-08,1.094224283793302e-07,-3.588566143831719e-08,-3.4296827167877365e-08,6.7539691010107755e-09,9.532031545936083e-08,7.340468159111888e-08,7.263352192541793e-08,1.8692157434985948e-08,3.0934668681810395e-08,-2.1357588555692081e-07,-1.2334876853800418e-07,-7.490777241494772e-08,-6.897780110116716e-08,1.599048343095167e-08,-8.749569270667759e-08,-6.914654315333913e-08,-6.323460337057309e-08,-1.1836533159797585e-07,2.592434912360399e-08,5.753451497277105e-08,-1.4969060994545807e-07,4.541384704925026e-08,2.762384745828692e-08,2.722067365770189e-08,-1.6113366555061985e-08,-1.1951370566166015e-08,7.6761827274701e-08,-5.535552274952225e-08,1.0420139043011271e-07,-2.8750716114251466e-08,2.421290790838523e-08,3.765904089857632e-08,6.931933958568453e-08,-5.820582880201709e-08,-1.3218227259809059e-08,4.5289366198933013e-08,-1.489553315135922e-07,-3.39696565046514e-08,1.349479529847751e-07,4.6465789529302315e-08,1.3691473209212324e-07,-1.6517932923219672e-07,1.3860535434347155e-07,-5.2187740697295343e-08,-1.3946203659449752e-07,1.6506541633687281e-07,-9.953534190251206e-08,6.306025943032945e-08
1 5,-3.0553063287010966e-08,-1.2693133229436139e-06,2.084540941379636e-07,-1.4114920351928526e-07,5.3103683420861295e-08,4.3437537426667647e-07,-5.0459344427422704e-08,-1.5398560216467138e-07,-5.562644344832409e-08,1.6259489777742643e-07,-4.672624528193257e-08,-6.1042426363324e-08,4.880269209180189e-08,1.1865248407265702e-07,5.626371178503575e-07,-4.983091551286259e-07,3.5722993196607426e-07,2.0220381054638377e-05,-8.806043008361498e-08,-4.791729697670666e-08,1.263164925120876e-08,-1.3451866808369975e-08,-1.6027701731351589e-07,3.195597420127669e-08,-2.5721644980524903e-07,1.3088787570684645e-08,-3.186384004975622e-08,-8.591829877334051e-08,-1.59715941625585e-07,-1.3825018866830686e-07,-5.638620497116599e-08,-8.890552903802368e-08,-5.2390496301373734e-08,1.440246191894019e-07,2.7111043312727732e-09,-4.1608330305892025e-09,5.5943815294355574e-08,1.9917236686773174e-07,4.305678318354068e-08,-6.233340431967392e-08,1.3641058948070386e-07,-1.1889544808610543e-07,-2.8078230627733095e-08,-7.914445107854096e-08,-1.8849747098329245e-08,-5.28730429632806e-08,-1.2365752197629014e-07,-2.437634494353496e-07,-6.773662295875099e-08,1.1139804889850257e-08,-8.768408686178948e-08,-6.505891487472607e-08,-5.4556524581602716e-08,-1.2692865675726856e-07,3.202159058556178e-08,6.534930723111601e-08,8.253341661519537e-08,6.390810434043068e-08,5.045591235882958e-08,9.782224805292447e-09,5.123215436814274e-08,-1.626831170256685e-07,-1.2612571043096545e-07,-8.707193724316985e-08,-1.238491784417263e-07,-1.0042716269068535e-08,-4.933669107687027e-09,3.701435841708166e-08,-3.651103621054344e-08,-6.963873687429008e-08,1.472249830629863e-08,6.2297161430011734e-09,-2.942790385867031e-09,-1.0890003562268565e-07,2.0020930957170976e-08,1.6492248874444262e-07,-3.2051296728505964e-07,-2.445839675566137e-08,-1.1713581394149372e-08,-9.111095150463165e-08,-1.4608554412327796e-07,-9.092019242569595e-08,8.042415158273003e-08,-1.5117369484823507e-07,7.972062470354452e-08,1.0146381915095524e-07,2.195803102631554e-07,-6.067113099453594e-08,-1.4880951029510664e-07,2.708320647479904e-08,1.0000982317673001e-07,1.9466014725808985e-08
