,1,1,2,3,4,5,6,7,8,9,10,11,12,13,1 2,1 3,1 4,1 5,1 6,1 7,1 8,1 9,1 10,1 11,1 12,1 13,2 3,2 4,2 5,2 6,2 7,2 8,2 9,2 10,2 11,2 12,2 13,3 4,3 5,3 6,3 7,3 8,3 9,3 10,3 11,3 12,3 13,4 5,4 6,4 7,4 8,4 9,4 10,4 11,4 12,4 13,5 6,5 7,5 8,5 9,5 10,5 11,5 12,5 13,6 7,6 8,6 9,6 10,6 11,6 12,6 13,7 8,7 9,7 10,7 11,7 12,7 13,8 9,8 10,8 11,8 12,8 13,9 10,9 11,9 12,9 13,10 11,10 12,10 13,11 12,11 13,12 13
1,1.576955054624778e-06,3.13530122103337e-09,-7.773038004597216e-10,1.20809198805611e-09,-3.1340359853873123e-09,-1.986947446258657e-09,-3.153797323939326e-09,-1.696211054059495e-11,1.591688933355652e-09,2.775878835460465e-09,-7.945368862489183e-10,-3.923664320117304e-09,3.886547954793028e-10,-1.183896035710635e-09,1.1930852974978692e-09,7.791451434705326e-10,3.840457355000617e-10,-6.822308868052091e-12,3.6271097918918645e-10,-3.932518503945987e-10,3.961084508370969e-10,7.982971250723453e-10,-4.036938743727934e-10,-2.7631205298157877e-09,-1.5763005174081283e-09,7.83484326728667e-10,-2.352994624726628e-09,-1.9493972938299964e-09,7.79333466910373e-10,-3.995001316323245e-10,-1.9746921248308285e-09,-3.821855967053434e-10,1.0020221955289709e-11,-1.1760042795641417e-09,-3.9090547188171976e-10,-1.5615928617338387e-09,2.3249377146627997e-09,-3.4588677594595156e-11,-2.75856543029866e-09,-2.170127107240979e-11,7.762536144492307e-10,1.5914985508538043e-09,-3.6309381490624985e-10,7.76498355807119e-10,-8.048016656574009e-10,1.1784123318540053e-09,-3.8771375984324545e-10,1.5969537443679312e-09,-1.1445780818587728e-09,1.9692190035025317e-09,-2.7526481569875795e-09,-1.5825358413566867e-09,-3.8518546809260017e-10,-3.8355280143168136e-10,7.753571959609483e-10,1.4001324031755605e-11,8.070222273372339e-10,7.842457621726308e-10,-7.9193425658833e-10,-4.241117719087595e-10,-7.666130871036792e-10,8.015343975913202e-10,-1.1765202409391451e-09,-1.1677365497064736e-09,1.196359186905517e-09,-1.9809560851824326e-09,-3.1689177306720936e-09,2.7544591859971675e-09,2.7590193851499644e-09,3.355003340637862e-12,7.98147387340743e-10,-3.9775141095797174e-10,-2.3464843580103423e-09,3.888274142821776e-10,-1.934160741336884e-09,3.936035267727536e-12,1.5879280267879707e-11,2.3641411345519897e-09,3.825322705356434e-10,-1.194925540846282e-09,-1.564011616116392e-09,7.76922830699719e-10,-7.985216310933189e-10,-1.599053163979997e-09,1.16016135351764e-09,-4.0164538383542236e-10,1.981452206651654e-09,2.3589608798617588e-09,7.820946628055047e-10,1.5710063623314446e-09,1.7288214951503334e-11,3.9794453528241596e-10
1,3.13530122103337e-09,1.5769349628741923e-06,1.1874898017273878e-09,7.754648222344028e-10,3.8855108068750974e-10,-1.516742331322233e-11,3.765844861377205e-10,-3.973354723575219e-10,3.8224358905015055e-10,7.938126538878157e-10,-3.907866633004749e-10,-2.74693450703717e-09,-1.5734391718904128e-09,7.827690061120237e-10,-7.683766947538119e-10,1.1710971116165776e-09,-3.1198096834799385e-09,-1.9641247356389157e-09,-3.1394663302007746e-09,-1.123148326840137e-13,1.5768695323933835e-09,2.7473245235307624e-09,-7.95573489548687e-10,-3.935404424156324e-09,3.7711135383787596e-10,-1.169941608796209e-09,-1.9498098007587577e-09,-2.3558098363872035e-09,-2.7449526250860013e-09,-7.976190960493327e-10,-1.5807801880842917e-09,7.889435099511469e-10,3.9921945431915513e-10,-1.5757382044234418e-09,-1.5626826559462615e-09,3.805406914283003e-10,3.874820426163767e-10,3.8514610674679285e-10,-7.882858334888632e-10,3.9956170784614274e-10,3.867939591937566e-10,-1.1528635129480037e-09,-2.342646136138673e-09,-3.848027913555938e-10,-1.1700111193664512e-09,-7.831218090028062e-10,1.6587288097093545e-11,1.1758899776447623e-09,-3.1199382040962622e-09,7.883395199364258e-10,-1.5599587889202388e-09,3.9322816655441774e-10,-7.838920029098492e-10,2.002531956426134e-12,1.1931496652863534e-09,-1.9534492361832034e-09,3.8959046650974694e-10,1.1734809171941094e-09,3.909814534434189e-10,-2.7930395364974516e-12,4.0117138876901236e-10,1.1824602040837668e-09,7.816548857191001e-10,-3.137052789474689e-09,1.5823561985620972e-09,7.881915038266973e-10,-1.1890703139251118e-09,7.952971781642704e-10,5.563638215503841e-12,3.969081919578483e-10,3.9382970513142716e-10,-5.009747778324429e-12,3.7626892027307634e-10,8.087482370363818e-10,7.940790617348407e-10,-3.809496464527112e-10,3.950136649493244e-10,-3.9293135171908084e-10,1.5694766117435921e-09,7.696819861483945e-10,-2.7405819932401873e-09,3.9752966312527287e-10,-3.992719485451371e-10,-1.9679886938337887e-09,-7.967647136290556e-10,-7.060838024954443e-12,-7.857948913240092e-10,1.1720220143536353e-09,-1.1734287262406482e-09,1.1757779439154526e-09,3.829806698477187e-10,7.860054658504141e-10
2,-7.773038004597216e-10,1.1874898017273878e-09,1.5769464341183641e-06,-2.353900689629294e-09,-1.9648227743981946e-09,7.769717618207755e-10,-3.860580972777633e-10,-1.979640543867358e-09,-3.933398499953205e-10,8.257477693532729e-12,-1.169641770266601e-09,-3.930203993562257e-10,-1.5610343561141591e-09,2.3442027602344293e-09,3.13946175065402e-09,-1.9563294270851112e-09,-2.363206754530321e-09,-2.743355879065697e-09,-7.875341832016943e-10,-1.578102874982703e-09,7.7935532907546e-10,4.058303047051978e-10,-1.5625788640295745e-09,-1.5703719333006948e-09,3.9297782186160433e-10,3.847867851359418e-10,1.1784478805690178e-09,-3.125515170897668e-09,-1.9741059881847125e-09,-3.132547816797474e-09,-9.021812786995554e-12,1.5540616062846362e-09,2.7360931352561247e-09,-7.948557094606397e-10,-3.918338043198668e-09,3.9027398289972396e-10,-1.1695632756968422e-09,-1.1649552738267746e-09,7.761171531074552e-10,1.9609070643909495e-09,-3.937217784277586e-10,3.8485605089211314e-10,-7.940778474496342e-10,-3.820453906964645e-10,3.998866901579345e-10,-2.3055140149492182e-12,-7.808948718244148e-10,-1.1723329340192022e-09,2.3492507737997743e-09,7.922089618474888e-10,7.746315878321379e-10,1.1614121391344734e-09,1.166307021093574e-11,2.352317092639809e-09,-3.843573391230716e-10,-3.863567570344552e-10,-3.808180043497232e-10,1.1769623644300665e-09,-3.8369822092544477e-10,7.851261103837357e-10,1.1831932410359144e-09,3.972750998105044e-10,7.90947547376237e-10,-1.558720415198102e-09,1.585855394989092e-09,3.433629487906042e-12,-1.9575014487572293e-09,-1.5695111186807395e-09,-2.342997123158219e-09,3.860308711148579e-10,3.886766215761698e-10,-1.0505823789926065e-11,-1.1862851258315708e-09,8.053354028840542e-10,8.092328612088133e-10,-1.1680301204228757e-09,-3.887394760078127e-10,-1.1695697521538175e-09,2.35196156868186e-09,1.57377356884114e-09,3.5206281867291716e-09,-1.1750745762782415e-09,-1.1708113078557072e-09,3.8391383180711866e-10,7.777475168837865e-10,-1.5586411387278527e-09,-1.5549248038092553e-12,-3.875259396107324e-10,3.7165050272327194e-10,-3.929922205277741e-10,3.864371403195785e-10,1.5785422806865922e-09
3,1.20809198805611e-09,7.754648222344028e-10,-2.353900689629294e-09,1.5769471079630316e-06,-2.5506668663992925e-11,-2.7620646730483676e-09,-3.272773631802539e-11,7.788427494016785e-10,1.5928516351556225e-09,-3.5808673475876413e-10,7.773883329841751e-10,-8.046223002202976e-10,1.1809296770118977e-09,-3.9534739694291265e-10,-1.9353831155443207e-09,3.1306623931597325e-09,3.9585204266001885e-10,-7.851733180752401e-10,3.918283635031775e-10,4.0192439664616415e-10,-1.1639488106890286e-09,-2.3477668242972628e-09,-3.8597197317534723e-10,-1.1801369644746893e-09,-7.915058624447942e-10,1.2410049900588232e-11,-7.827004883015777e-10,-1.1674788915379496e-09,7.925747993759205e-10,1.9613143968322662e-09,-3.9453173063367245e-10,3.8645601626562807e-10,-7.996118242859494e-10,-3.8584790547360106e-10,4.019443345469956e-10,1.3147240941810437e-12,-7.799408815835325e-10,-3.1352074237884463e-09,-1.968612945643974e-09,-3.1470402440474727e-09,-8.723394580273807e-12,1.5948523154932296e-09,2.764823699060503e-09,-7.890701633471901e-10,-3.918247644565662e-09,3.8380122396118914e-10,-1.1705404106097034e-09,3.149714237761447e-09,-3.7325956001323403e-10,-1.1627185291163639e-09,-4.1635159608346623e-10,-8.046328808864572e-10,3.973226890671455e-10,4.0205289065690664e-10,-7.886652149821072e-10,-1.1509355232684811e-12,7.945169387074863e-10,1.5682886355004153e-09,-2.3722186538772237e-09,-3.5360743601805977e-09,-2.344653325209572e-09,7.944768537587265e-10,-3.9587764365757865e-10,-3.839483295849228e-10,1.17442338099854e-09,-2.7545225207111766e-09,-2.3592768996905207e-09,4.0887092977150445e-10,4.132147361663911e-10,-1.5635428231780582e-09,7.934843629471356e-10,-3.8776937010500885e-10,7.755060445370905e-10,-1.180428181773485e-09,1.1525934525296985e-09,7.716212128191104e-10,7.943869715148463e-10,3.1367892208107517e-09,-4.007929179687609e-10,-1.977440153961649e-09,5.83598258061763e-12,7.863320085008864e-10,1.3789215403962594e-12,-7.923463674333505e-10,1.186320321856272e-09,1.1599337784670236e-09,1.1856150465306223e-09,7.962767366617893e-10,7.876250020135692e-10,1.5620896123352089e-09,4.432040561585782e-12,-1.953467472758513e-09
4,-3.1340359853873123e-09,3.8855108068750974e-10,-1.9648227743981946e-09,-2.5506668663992925e-11,1.5769490555832689e-06,1.5803444403260108e-09,-1.1513476656437078e-09,1.9630859924255647e-09,-2.778173519748277e-09,-1.5877747209815908e-09,-3.889042448468271e-10,-3.6940531062907563e-10,7.867554221015522e-10,-6.078710334630546e-12,-2.3690412604992897e-09,3.921273734653012e-10,3.136734033747881e-09,1.1752255497844747e-09,-3.125313823951921e-09,7.837273367122342e-10,-1.5769071439829429e-09,3.924238293098657e-10,-7.847071782703812e-10,1.0718203083161165e-11,1.1887023647961775e-09,-1.9590388724048324e-09,-1.1683712695347459e-09,-7.799793114754243e-10,-1.1661432005180699e-09,2.348453967165238e-09,7.864760566468464e-10,7.875389653920168e-10,1.1626263117512808e-09,1.493580925748244e-12,2.3468730645519643e-09,-4.008950904927088e-10,-3.696504931761122e-10,1.1984291221323564e-09,3.14087932194511e-09,-3.774767179385508e-10,-1.161751517456237e-09,-4.231407166532323e-10,-8.029408969261551e-10,3.849525208880622e-10,4.098700841550444e-10,-7.755140542548471e-10,-4.1897116143483044e-12,-1.9727747003807647e-09,-3.145085594379795e-09,-7.764106205397145e-12,1.5756073899230274e-09,2.7575955069733756e-09,-7.826051912797998e-10,-3.9162986851546725e-09,4.0345691534282674e-10,-1.1755295908863941e-09,3.798855809684428e-10,3.8977395669253554e-10,1.97159752520029e-09,-7.620437199890689e-10,3.933380221895847e-10,3.721800992562052e-10,1.1689669237511217e-12,-7.747438651756651e-10,-2.36998988524069e-09,2.368864304343619e-09,1.1985774837932887e-09,-7.891556895428033e-10,7.716369175998763e-10,-3.88311966298489e-10,-4.0788889189051373e-10,-7.81569622623189e-10,1.9598684672247335e-09,-1.5698251549421075e-09,7.67580349735825e-10,1.1722643020686083e-09,-1.194919936812894e-09,-2.7625036806100463e-09,-6.152905120313472e-12,1.5883597863032304e-09,-1.9686982154051713e-09,-3.7813821180303845e-10,3.9774556962692863e-10,-3.825332520947373e-10,-7.774865004644288e-10,1.566544629696524e-09,-1.5728606376693827e-09,-1.1790296128415395e-09,-3.9848830947310255e-10,-1.960260382950958e-09,3.819438875797094e-10,-7.992128345844212e-10
5,-1.986947446258657e-09,-1.516742331322233e-11,7.769717618207755e-10,-2.7620646730483676e-09,1.5803444403260108e-09,1.5769424323944858e-06,8.109540510443154e-10,7.784013519586381e-10,-8.045790200515372e-10,-4.288804038833447e-10,-7.622989674583057e-10,8.112911647485753e-10,-1.1753543269386117e-09,-1.1746758204198007e-09,-2.738513619894301e-09,-7.895818304294359e-10,1.169202273555211e-09,3.1290741527675337e-09,3.905272711529481e-10,1.168143574018785e-09,3.9140070420826325e-10,-1.2611267734714646e-11,3.9437902427224385e-10,1.1881976792447823e-09,7.799957062940885e-10,-3.1399482956959774e-09,7.946604037276131e-10,-1.164832553412473e-09,-7.867212823662847e-10,-3.911638017605109e-10,1.186420964862093e-09,-3.758898542516903e-10,7.78744129562242e-10,1.1774505469081956e-09,3.9387493433130033e-10,7.7534049060111e-10,-1.5479505656665996e-09,3.1498273367305825e-09,1.19527092719941e-09,7.947949538817247e-10,1.5561674075878008e-09,-2.379160711821144e-09,-3.532300452559579e-09,-2.3347634947682185e-09,8.020676994504957e-10,-3.9244653011515944e-10,-3.828567367586523e-10,-3.140411120343379e-09,3.7269391353800097e-10,3.8468610152038153e-10,1.9743942069753357e-09,-7.563067832739851e-10,3.805815320507478e-10,3.7506228973744596e-10,6.992652442092545e-12,-7.854407139455576e-10,-3.1325389960026763e-09,-3.985415062836134e-12,1.58515407684144e-09,2.76084962103472e-09,-7.784446232028289e-10,-3.912971432800541e-09,3.9065566492629474e-10,-1.1636080480666774e-09,-1.1808612606435788e-09,4.1137377280151984e-10,1.5943279295540952e-09,-1.9669380862529564e-09,-1.9690313268005197e-09,7.967129125695199e-12,-7.922898079013358e-10,-1.1725884754951637e-09,-7.689581972008469e-10,3.877638482206106e-10,-3.8939720822541045e-10,1.4236671294065595e-11,-1.567872600039263e-09,7.5287109064632e-10,-1.1631357023807377e-09,4.043405577365351e-10,-1.0495568470136011e-11,-7.7439568620595e-10,1.2968402303106168e-11,8.040829090856264e-10,-1.1826233195523076e-09,-1.1694302827768647e-09,-1.975930046212931e-09,-1.572494291328735e-09,-6.702011684344617e-12,-7.831242381836866e-10,7.829751288127738e-10,1.170728679793038e-09
6,-3.153797323939326e-09,3.765844861377205e-10,-3.860580972777633e-10,-3.272773631802539e-11,-1.1513476656437078e-09,8.109540510443154e-10,1.5769614976141303e-06,1.1916561566412547e-09,-1.9703783680881134e-09,-3.1677121414546468e-09,2.7569243906687535e-09,2.770161556647991e-09,-1.3351529806865742e-11,8.119405769660291e-10,-8.043092700240021e-10,3.949626345714537e-10,-3.1206413847842287e-09,3.8497161574676183e-10,3.1352087807928467e-09,1.5871084391332853e-09,7.954413498682445e-10,-1.193743247467336e-09,7.87013165279079e-10,2.0124717666412525e-11,3.9319251433752707e-10,3.936724427514468e-10,1.9509554205663357e-09,2.347607703967503e-09,-3.9258318828354465e-10,-7.74467680460134e-10,1.5843217191410798e-09,-6.712505431651587e-12,-1.962644002916377e-09,-1.5599771023674396e-09,-2.3408873349077516e-09,3.800936475748123e-10,3.833151026197259e-10,-3.7166815343076e-10,8.0122972306175e-10,1.2086873589398495e-09,1.1755810938193149e-09,-2.7515767419535633e-09,-2.36999010708182e-09,4.027521854748335e-10,4.2225751788401974e-10,-1.572561025036079e-09,8.006447418090943e-10,3.713190443854424e-10,-3.1474827561467353e-09,-2.3620699518882745e-09,2.371561836036934e-09,1.2013757923204386e-09,-8.069469692485622e-10,7.64127978257906e-10,-3.863660041065461e-10,-4.122020174226396e-10,-2.0024380579720865e-09,-1.1791794622376304e-09,3.9592215752150355e-10,1.5924561429131606e-09,-1.976627912810669e-09,-1.9736586671085344e-09,1.7163021009260643e-12,-8.001629871353871e-10,-1.1735236606743276e-11,1.6000960471007885e-09,2.7710847050728606e-09,-7.960625309963641e-10,-3.942335725197614e-09,3.9071356688728127e-10,-1.1876618709161007e-09,2.3601116909339646e-09,1.1852885605133284e-09,2.3444405842481936e-09,-2.019241410342703e-11,-4.069781027750743e-10,3.963808467903871e-10,-4.162844946284262e-10,7.986881310203384e-10,7.89609679178858e-10,-3.8176752789221716e-10,1.1958084998398597e-09,4.1720513261664925e-10,2.7702939624426687e-09,-1.5620522363381298e-09,7.909252567790888e-10,-1.598816191978398e-09,-4.02826582785202e-10,-1.1750349453535118e-09,4.00604273820819e-10,-1.987124987581672e-09,-7.928966288515031e-10
7,-1.696211054059495e-11,-3.973354723575219e-10,-1.979640543867358e-09,7.788427494016785e-10,1.9630859924255647e-09,7.784013519586381e-10,1.1916561566412547e-09,1.5769304130607926e-06,-4.062678962086006e-10,-2.355433980698456e-09,3.963235074388997e-10,-1.92509969707982e-09,-3.6469388807848567e-13,5.978414559389534e-12,-1.5905931239408992e-09,4.1079154326475286e-10,7.839880663872826e-10,1.1665797209770268e-09,1.5766121402764874e-09,3.138058449167639e-09,-5.321352001032006e-12,3.707745577181333e-10,7.95293265722117e-10,7.976628196969702e-10,-3.839404691762962e-10,3.9800670657808143e-10,-3.917157959314263e-10,7.960150419736654e-10,1.179246821586789e-09,1.5793283099358386e-09,-7.671887611662097e-10,-2.7495902777187686e-12,-1.2006604462151152e-09,7.901763147395621e-10,8.033870806249382e-10,-1.1765264386536138e-09,-3.7983189678694746e-10,-1.1623971031822399e-09,1.5669365587381663e-09,1.178552598485859e-09,1.1750819666720724e-09,-4.0205749980215115e-10,7.803116561187922e-10,-1.1683525765640666e-09,1.1677174297002245e-09,7.641437876304811e-10,7.968285473602066e-10,3.9122528271367267e-10,-2.3626578766719028e-09,-3.1303168597785386e-09,-7.756224989550033e-10,1.9622520789864768e-09,-1.5703209490165078e-09,7.648838205439184e-10,1.1854215713782812e-09,-1.1886452640130988e-09,-1.192607033304131e-09,-1.962610162904776e-09,-1.1614728026419214e-09,-7.67968661340203e-10,3.80763131508447e-10,-3.9036042020422784e-10,8.224160619187401e-13,-1.569486455177553e-09,-3.1352761486190976e-09,2.36535882993361e-09,1.1939501203362317e-09,2.344786346943049e-09,-1.921187332395189e-11,-3.991306731864098e-10,3.935551891280739e-10,1.5788772876819855e-09,2.749633738588158e-09,-7.834937757519159e-10,-3.912654831607281e-09,3.925659477766006e-10,-1.1676434695178454e-09,3.7646362163455207e-10,1.2117763282633301e-12,-7.745861067657879e-10,-4.0995123819012686e-10,1.9664988843042874e-09,4.0547106321240374e-10,4.041706978377787e-10,-7.862662763160181e-10,7.833288156738852e-10,-7.935895008841657e-10,-1.1820067062722483e-09,1.95700334084913e-09,3.890067057908641e-10,3.741803008559731e-10,-3.137945305922796e-09
8,1.591688933355652e-09,3.8224358905015055e-10,-3.933398499953205e-10,1.5928516351556225e-09,-2.778173519748277e-09,-8.045790200515372e-10,-1.9703783680881134e-09,-4.062678962086006e-10,1.5769593710850872e-06,2.379114728389484e-09,3.83012598204728e-10,-1.196775127295345e-09,-1.566475288857805e-09,7.617917375808404e-10,7.858416109099585e-10,-1.1528631724673697e-09,-1.5703538686849207e-09,3.830811778242669e-10,7.924622242884927e-10,-6.361950021767314e-12,3.133220470933266e-09,-3.836244003629765e-10,1.5737323093474038e-09,7.644913932514688e-10,-2.740049332359728e-09,4.0157720973930147e-10,3.936311992353356e-10,7.738316457556338e-10,-3.704583452746085e-10,8.327150161847565e-13,-1.3766518245203467e-11,-7.914696163633238e-10,-1.1807825964885607e-09,2.3523600024437988e-09,1.5679166864797193e-09,3.524704539857587e-09,-1.180171334881986e-09,-4.122341504546057e-10,-2.374384803532956e-09,-2.7619036945981658e-09,-3.97256851647377e-10,1.210296112218783e-09,3.1576889024250158e-09,-4.11612167597492e-10,-1.9829620381335897e-09,-5.709247476364355e-12,7.815639468416248e-10,1.972510930175734e-09,2.3724788050708633e-09,-7.83456369497807e-10,-3.1390639379974725e-09,-2.773543839849698e-09,1.6119062198358344e-11,1.5988636269004656e-09,-1.9469770671846707e-09,-3.772880873200388e-10,4.057199254207391e-10,-1.1714070629234829e-09,-1.9783176031600615e-09,7.564938469441088e-10,-1.1679228238958689e-09,4.1347780478930774e-10,-4.214454931706398e-12,-7.699283482831507e-10,2.3614956659973033e-09,-3.1448744038852056e-09,-4.170303536859719e-10,7.92385254532576e-10,7.979638569466811e-10,-3.9107531187208576e-10,1.1958766975440935e-09,-4.47202364747777e-13,3.7114011888173007e-10,1.956377204449179e-12,-7.714653129838901e-10,-3.8589731432772707e-10,1.972777507959178e-09,2.76693611730395e-09,-7.852300521966853e-10,-3.9338366402436e-09,3.988434700919529e-10,-1.179448161710768e-09,3.79182637230432e-10,-4.0759517472544286e-10,7.737026674071852e-10,-1.5758967510409984e-09,1.7375385951811147e-11,3.9810579916949215e-10,1.1902885817292191e-09,1.182467186227808e-09,1.9630519593901952e-09,2.3470777608913372e-09
9,2.775878835460465e-09,7.938126538878157e-10,8.257477693532729e-12,-3.5808673475876413e-10,-1.5877747209815908e-09,-4.288804038833447e-10,-3.1677121414546468e-09,-2.355433980698456e-09,2.379114728389484e-09,1.5769543324534204e-06,-8.003724355389186e-10,-1.5996178532431329e-09,1.1635619870052348e-09,-4.0212840610441776e-10,4.18342216078129e-10,-2.34313100046932e-09,3.81518234951752e-10,-1.2157802674347271e-11,-1.1814357320193338e-09,3.564715076019349e-10,-3.83104677005605e-10,3.1332113043419097e-09,-3.973198178124765e-10,-1.9666212353489683e-09,-7.988486966443284e-10,4.9111955795665065e-12,-7.939013398369896e-10,1.1572287723416987e-09,7.813044551466657e-10,-1.9571380401028753e-09,-1.1947989631227728e-09,-1.1747778427429903e-09,-7.581069155089326e-10,-1.1692146279853841e-09,3.8439266231211453e-10,7.875307217481392e-10,-1.563886661820886e-09,-8.03463391237267e-10,-3.5369490720504456e-09,-2.3600510696400184e-09,7.681416195038725e-10,3.143980204205559e-09,1.1981151118445256e-09,4.876173222023606e-12,-7.960100566753226e-10,1.190922752894101e-09,1.160261668281207e-09,-7.606951078662145e-10,1.1983513808086768e-09,1.959834629133279e-09,-2.756722885274078e-09,-3.143491047390279e-09,4.0406277801318866e-10,-3.7249308127334456e-10,-7.797840572139042e-10,1.5841858634686988e-09,1.6003213051026753e-09,-7.640676899852224e-10,7.654917208082639e-10,-1.9717473654061983e-09,1.3586923478142768e-11,8.073723096571387e-10,-1.1835725967432994e-09,-1.1609051102367933e-09,1.1958123721981308e-09,-4.2685335932416517e-10,-3.1582060164211e-09,4.07004492090286e-10,2.770732881620591e-09,-1.55840031359695e-09,7.893685597669698e-10,3.7668468716422436e-10,-1.941000918863476e-11,3.855648104989409e-10,4.044163478245786e-10,-7.742422560195743e-10,7.878169977344642e-10,1.591769283226411e-09,3.8387715312506017e-10,-4.1461226977887643e-10,7.82064200931403e-10,-1.5780876758314606e-09,-7.981899882267642e-10,-3.929700132974894e-09,3.938111693354293e-10,-1.1749971226886428e-09,1.975156655291556e-09,7.929477231510629e-10,7.82552824667338e-10,-7.727845872893819e-10,7.963241756616998e-10,2.7454369763713698e-09
10,-7.945368862489183e-10,-3.907866633004749e-10,-1.169641770266601e-09,7.773883329841751e-10,-3.889042448468271e-10,-7.622989674583057e-10,2.7569243906687535e-09,3.963235074388997e-10,3.83012598204728e-10,-8.003724355389186e-10,1.5769260623168803e-06,1.9866385216374385e-09,2.3393788913566635e-09,7.909363282281679e-10,-1.5787127866035292e-09,-3.759655622012168e-10,-7.872622403401538e-10,3.9191140713037906e-10,7.990328469559661e-10,8.052351510993992e-10,1.571576389038286e-09,-4.058899543933025e-10,3.1144573535838063e-09,-7.689580145279441e-10,1.1742142290313068e-09,-1.1637776501391115e-09,-3.8243150327354856e-10,8.785069828649653e-12,1.1684018698885896e-09,-1.560353494681662e-09,7.893652830456578e-10,2.3374169036446974e-09,-1.1770436882850228e-09,-7.779817165141337e-10,-6.394505139135141e-12,-3.9108320865049483e-10,3.852534690111212e-10,3.8735667671084956e-10,-2.33173299410054e-09,4.0012475721525435e-10,-1.162440921981377e-09,-4.07838702072353e-10,-8.594969727142076e-12,1.1815694815573816e-09,1.1778552602850207e-09,7.820649344487237e-10,7.901037498308334e-10,3.8701500779066823e-10,-8.010403862818456e-10,-1.5609785645382457e-09,1.167800930685844e-11,3.947137829261174e-10,-3.138145523447353e-09,-1.574795709581098e-09,-1.1792178346059104e-09,-4.0467287763358766e-10,-1.9708778394673888e-09,3.8275375729501574e-10,-1.1698207285211441e-09,1.1932129250322848e-11,-1.9822610825811216e-09,-1.96687259353489e-09,-1.5788503332341135e-09,-1.7258220867399976e-11,2.3352741683869896e-09,7.967880078717346e-10,4.16046917004336e-10,-3.1215044101542915e-09,-1.5916353499698775e-09,-3.98733797528109e-10,-1.1767508798213965e-09,5.0507469318924626e-12,3.9421180049209454e-10,-3.992839675253999e-12,-7.920880497699191e-10,-1.1804632401537965e-09,1.9446510169666785e-09,3.904183660885708e-10,1.5728512712263659e-09,1.0389936780619118e-11,3.972295702375464e-10,1.1899047317809974e-09,2.747691012734558e-09,1.977098696258365e-09,7.779435738656871e-10,7.881601600606813e-10,-3.905561554892985e-09,3.897660571890925e-10,-1.1649568607429376e-09,1.1684678711606279e-09,-4.0749154173998594e-10,-7.843147836149632e-10
11,-3.923664320117304e-09,-2.74693450703717e-09,-3.930203993562257e-10,-8.046223002202976e-10,-3.6940531062907563e-10,8.112911647485753e-10,2.770161556647991e-09,-1.92509969707982e-09,-1.196775127295345e-09,-1.5996178532431329e-09,1.9866385216374385e-09,1.5769387501849893e-06,1.5727969856621596e-09,1.1905273454999975e-11,-1.5673123812188015e-09,-1.17111501098826e-09,6.478621023161961e-12,1.1894593387285722e-09,2.54274368879328e-11,7.944713266459404e-10,7.756128941048759e-10,-1.966883547528246e-09,-7.656253704797694e-10,3.128185996580157e-09,1.1759260991977187e-09,3.785698388482925e-10,3.9733219466076017e-10,2.343385985067474e-09,3.9412888633866827e-10,-2.341552462608193e-09,8.049597081538423e-10,1.5647004198539919e-09,3.916795900383565e-10,-2.9347653889427037e-12,-7.846077639413846e-10,-3.9735811912336496e-10,3.8998540753251453e-10,4.0979593797211475e-10,8.041810199297514e-10,4.164879791088308e-10,1.168131643550367e-09,-1.975270120250003e-09,-8.078526589114479e-10,1.1823929844179486e-09,1.198945654143943e-09,1.5564203664981758e-09,3.3664090256198138e-12,3.682752887225916e-10,7.573986182728013e-10,7.727003029798755e-10,1.5913785445542177e-09,-3.700562837343003e-10,-1.5827024173484229e-09,-3.133688582925085e-09,-1.9659200202135245e-09,3.835107109421066e-10,-1.9772057110015194e-09,-3.8920676370129506e-10,4.090435330416868e-10,7.965622037262561e-10,-1.9684900077821922e-09,-1.991806666039381e-09,-7.930928806234419e-10,7.856005732250146e-10,-1.557893636383339e-11,7.892484136684957e-10,2.756176111098239e-09,-1.5815417561629547e-09,-3.1396549319957927e-09,3.9561240350175764e-10,-1.9758389399233885e-09,-7.716484316648065e-10,3.904525516549113e-10,-7.846256431494643e-10,-1.9313987121522225e-11,3.7039366894474487e-10,3.8270271913345836e-10,-4.0029318977395885e-10,4.1865724305303755e-12,1.5761662888742469e-09,1.178390738872898e-09,1.9603155504282847e-09,1.9673151708572333e-09,2.7653967698351266e-09,-7.760560566830561e-10,7.936197019642703e-10,-7.999187106000597e-10,1.160899260333801e-09,-4.077424804994187e-10,3.8485911626326727e-10,-1.1834012689867535e-09,-7.928305695985638e-10
12,3.886547954793028e-10,-1.5734391718904128e-09,-1.5610343561141591e-09,1.1809296770118977e-09,7.867554221015522e-10,-1.1753543269386117e-09,-1.3351529806865742e-11,-3.6469388807848567e-13,-1.566475288857805e-09,1.1635619870052348e-09,2.3393788913566635e-09,1.5727969856621596e-09,1.5769382376437325e-06,3.938758570056661e-10,3.8871286985080884e-10,-7.818736063218303e-10,1.1881827612678177e-09,7.871615162020907e-10,3.9276867243705213e-10,-3.8716555910475167e-10,-2.749619975625404e-09,-7.900037856515182e-10,1.1639060395190018e-09,1.1787146295479606e-09,3.1215647281114986e-09,7.825497190849841e-10,-5.306125287219677e-13,-3.886831536532304e-10,7.886286431932114e-10,3.9164353993608464e-10,-1.169550003713331e-09,3.5129743119485402e-09,7.856876156217064e-10,-3.881539410192655e-10,-3.7882714533859814e-10,-7.88273999452672e-10,1.5700812107598606e-09,-7.906993832496827e-10,-3.9457852732786775e-10,-1.553664718429503e-09,7.748504113650274e-10,-5.617517523150248e-12,1.1746118234731283e-09,7.928282096922554e-10,1.5602579074995213e-09,1.1886897815193467e-09,-1.9574399122273567e-09,-6.983366162430279e-12,-3.8267121511856524e-10,1.1796463999530627e-09,-1.955053258229566e-09,-7.721654092999575e-10,-1.1731982200669067e-09,-1.966949422989975e-09,-3.1238887717721527e-09,-7.775644539542057e-10,1.3801205007146274e-11,8.2108545986859e-12,-2.6872358086149946e-12,-1.1806603682509623e-09,-1.558792820642276e-09,-7.846133403634805e-10,-1.9550824993990245e-09,1.1748539089831657e-09,-3.9325449671738006e-10,-3.97450822537757e-10,-1.562516470819509e-09,-4.0309187875043755e-10,3.840694218118961e-10,-3.136471668089615e-09,-7.948746336394473e-10,-4.0957247154386965e-10,-7.768067781327591e-10,-1.1926636644822354e-09,3.787717221185254e-10,-1.3925747897870107e-11,-3.138832188635841e-09,7.826301765791964e-10,3.923324232272047e-10,1.188447063522373e-09,1.568762583637586e-09,2.3412596606277056e-09,7.937090858303029e-10,-7.746047013384013e-10,2.749363340767902e-09,2.7448961184169095e-09,1.1769747428387554e-09,-7.794426267289728e-10,-7.820661133927788e-10,-3.899570548854097e-09,-7.773512548225427e-10,-1.1821675554357005e-09
13,-1.183896035710635e-09,7.827690061120237e-10,2.3442027602344293e-09,-3.9534739694291265e-10,-6.078710334630546e-12,-1.1746758204198007e-09,8.119405769660291e-10,5.978414559389534e-12,7.617917375808404e-10,-4.0212840610441776e-10,7.909363282281679e-10,1.1905273454999975e-11,3.938758570056661e-10,1.57693140673292e-06,3.868216176515702e-10,1.1792707981448705e-11,-1.9693104810130284e-09,-3.1339466516774425e-09,4.0674526362377745e-10,4.010197234094706e-10,3.904166051093489e-10,-3.44070498140239e-12,-1.1593659726196464e-09,3.8264780289229377e-10,7.925355683541251e-10,3.1279654122196605e-09,-7.624682466269277e-10,-3.86623869144951e-10,-1.5594884682857041e-09,3.941715490842244e-10,-3.884537681581594e-10,-1.177859043863118e-09,-1.5724980272074641e-09,3.75972636319907e-10,3.8098849194876477e-10,1.5639711487730358e-09,-7.784047379286115e-10,-5.123672196945304e-12,-3.824605032815319e-10,7.910862051083715e-10,7.88837314312042e-10,7.789607222124587e-10,1.1619361655828064e-09,7.909873060534336e-10,-1.8185151243564363e-12,-1.960178685151113e-09,1.177646535058743e-09,-7.88350275086213e-10,-4.03968280742876e-10,-1.1903490074410995e-09,-3.8612246645058655e-10,1.5659407692214022e-09,-3.8722609660482364e-10,3.972161823846575e-10,-7.679675157563725e-10,-3.12420930179411e-09,-7.777797304960997e-10,-1.5680283434312404e-09,-7.951842073102073e-10,-1.165605673892928e-09,-9.538488149457982e-12,7.933815359999473e-10,1.1717663177766334e-09,-1.959867840716726e-09,3.9830618299293584e-10,1.1980857558507079e-09,7.923257656105901e-10,-1.1784071402985063e-09,-1.979558331072686e-09,-8.000466730424083e-10,-3.1134815933520123e-09,1.9635470444915543e-09,7.84253168842185e-10,1.9594713583700306e-09,3.836252305378515e-10,-3.126539323196132e-09,-2.055146414899802e-13,-1.577522398530287e-09,1.1991167626972746e-09,1.9618149318490627e-09,2.3507558178054574e-09,1.5747839461786442e-09,7.88003787032525e-10,8.012174415020146e-10,2.7355283558374995e-09,2.7393014423774507e-09,-4.081271099810582e-10,-7.912389584783693e-10,-7.800101489600286e-10,-7.919199289640415e-10,-3.911847238696135e-09,3.863336348457774e-10
1 2,1.1930852974978692e-09,-7.683766947538119e-10,3.13946175065402e-09,-1.9353831155443207e-09,-2.3690412604992897e-09,-2.738513619894301e-09,-8.043092700240021e-10,-1.5905931239408992e-09,7.858416109099585e-10,4.18342216078129e-10,-1.5787127866035292e-09,-1.5673123812188015e-09,3.8871286985080884e-10,3.868216176515702e-10,1.5769191449912067e-06,-2.3428611450657492e-09,-1.9489043830990676e-09,7.572444301375934e-10,-3.934040319532787e-10,-1.9711038302325005e-09,-4.013863154427752e-10,1.3891170124901062e-11,-1.1799136480057625e-09,-4.04156502578287e-10,-1.5595082729749206e-09,2.3404490993986176e-09,7.790332475761817e-10,3.797423754137355e-10,-6.971731515094416e-12,3.6746987344609235e-10,-4.042946706108049e-10,3.82931131956803e-10,8.036105445999856e-10,-3.9827535001236367e-10,-2.7404762438224647e-09,-1.5435797335702997e-09,7.809620353748337e-10,-1.5775487393824368e-09,3.716473436112282e-10,1.5499227711542004e-09,-8.012786188034656e-12,2.1724245549921176e-11,-3.819089956358861e-10,7.78541141200548e-10,7.783121745611541e-10,-1.156485771177242e-09,-1.1789778430756921e-09,7.856794171067324e-10,1.197891678247422e-09,1.9591945760982998e-09,-4.02450898366286e-10,7.568361149259516e-10,4.0411129306122057e-10,1.958892049350847e-09,-7.875109605073285e-10,1.5694399707980285e-09,1.5750342441236452e-09,-7.617412434568373e-10,1.3909144528769448e-12,3.8238236887838743e-10,1.569420918656491e-09,1.5625364338664983e-09,3.95225844869626e-10,1.9514719716481726e-09,1.181240085141705e-09,-2.7453994830591093e-09,-2.3661774239476164e-09,3.9269478518347407e-10,4.0567107168162444e-10,2.5297861246056094e-12,7.829106758346195e-10,-3.954577818439654e-10,-2.3487706134251287e-09,3.900752433926237e-10,1.1827452601919943e-09,-7.824207919586377e-10,-7.794407451087586e-10,1.4761295539881283e-11,1.1650295218308768e-09,-3.829416887354327e-10,1.571458843204492e-09,-7.948082096668882e-10,-2.2192158478984186e-11,-7.963417528486763e-10,1.173677406803574e-09,-3.9228215139603766e-10,2.7593242458799214e-09,7.892952186891415e-10,-7.832019386683707e-10,7.522294555739758e-12,7.545940402005992e-12,1.1796336073538152e-09
1 3,7.791451434705326e-10,1.1710971116165776e-09,-1.9563294270851112e-09,3.1306623931597325e-09,3.921273734653012e-10,-7.895818304294359e-10,3.949626345714537e-10,4.1079154326475286e-10,-1.1528631724673697e-09,-2.34313100046932e-09,-3.759655622012168e-10,-1.17111501098826e-09,-7.818736063218303e-10,1.1792707981448705e-11,-2.3428611450657492e-09,1.5768980778403924e-06,-2.153800476360972e-12,-2.71937955935625e-09,7.43912437912737e-13,7.943348706588106e-10,1.5616055499588713e-09,-4.0418256369825997e-10,7.799829456543268e-10,-7.822208234135048e-10,1.15872886953555e-09,-3.762769723943343e-10,1.15147120824479e-09,-1.5591269303778232e-09,3.9025573258359686e-10,1.5739646696341125e-09,1.9597717286379688e-13,4.60848474933598e-13,-4.051106401664782e-10,7.845516169227357e-10,7.880929064208481e-10,-1.1553047573346363e-09,-1.1649392422880374e-09,3.8252077796131644e-10,-1.3647163813894355e-12,3.743886188819862e-10,-3.805927563024401e-10,4.0146128771467976e-10,7.862014282424301e-10,-3.98740631677848e-10,-2.7333174069858635e-09,-1.5715852790752648e-09,7.830563305580023e-10,1.1862143930041325e-09,-7.907544122288772e-10,-7.927357866927629e-10,7.755825122548347e-10,-3.875382344991767e-10,-2.935193998048914e-12,7.814734485252996e-10,1.1699617189041927e-09,-1.95397510804629e-09,-1.1738516166475615e-09,3.873731288265051e-10,-1.184717906490843e-09,-1.5630816341801551e-09,-1.1761816158566206e-09,1.1746004581875485e-09,9.799973775570688e-12,7.701265829823701e-10,-5.946433937159778e-13,5.247412777939676e-12,1.1692287188695251e-09,1.5601132995628662e-09,7.701593139129039e-10,3.9020893012567916e-10,3.95350139080016e-10,1.1890811178777925e-11,-1.1559442551336621e-09,-7.729217462859051e-10,7.666614892076265e-10,-1.1572363166974737e-09,1.1804426233422758e-09,3.821780112535988e-10,-7.763789673685338e-10,-1.5678111141326677e-09,-1.176867035663464e-09,1.960851795531529e-09,3.8991314993760527e-10,1.9450988974216403e-09,7.748886396957872e-10,1.5506989776107277e-09,-1.2189006927982015e-11,-3.8677195076041225e-10,3.976214363445412e-10,1.175349991665993e-09,-1.1738403955140228e-09,-1.5685314204848745e-09
1 4,3.840457355000617e-10,-3.1198096834799385e-09,-2.363206754530321e-09,3.9585204266001885e-10,3.136734033747881e-09,1.169202273555211e-09,-3.1206413847842287e-09,7.839880663872826e-10,-1.5703538686849207e-09,3.81518234951752e-10,-7.872622403401538e-10,6.478621023161961e-12,1.1881827612678177e-09,-1.9693104810130284e-09,-1.9489043830990676e-09,-2.153800476360972e-12,1.5769214124051755e-06,1.5792992092877196e-09,-1.1776028792336177e-09,1.937267743728844e-09,-2.7418267381639227e-09,-1.561942188779279e-09,-3.994327764831913e-10,-3.6993596951185927e-10,7.792636702259649e-10,-1.2577456519590458e-11,-1.5661643681441609e-09,1.1747194988409095e-09,7.948631955557443e-10,1.1836133717181624e-09,1.957770591895608e-09,-3.793647712145275e-10,7.842612132124587e-10,3.923623834630391e-10,1.9510365533991937e-09,-7.882861523829178e-10,1.563954151604889e-09,7.802917971541546e-10,1.1833059496215292e-09,-7.939900798461916e-10,-7.837698214229537e-10,7.724570760866373e-10,-3.864595736984016e-10,-6.175862204829436e-12,7.836180003286243e-10,1.1733449094559906e-09,-1.9636100421374887e-09,-1.5393143989942047e-12,3.7920433771455083e-10,-3.735947086723033e-10,4.0345663644295084e-10,7.849798235147348e-10,-3.9203103492271553e-10,-2.7475025761558727e-09,-1.5730341233575106e-09,7.919595434294634e-10,-7.660611034702975e-10,1.5637250512790378e-09,7.972559149962449e-10,-1.1713160311593353e-09,-7.783718717886764e-10,-1.573612600974921e-09,-4.034231397189098e-10,1.1949752843348274e-09,-1.2000505492446846e-09,-4.0678081520157743e-10,-7.765835666316471e-10,1.171088682310146e-09,1.969879861787087e-09,7.86868122780582e-10,-1.2041117514873573e-11,-1.1746885952920083e-09,-7.68303415008434e-10,-1.977061374195671e-09,-4.000687999030994e-10,2.353034942978938e-12,-1.560178514798119e-09,-1.5534062038942234e-09,-2.74594759930016e-09,-3.865789006696361e-10,-7.921466411580994e-10,-1.5527647751202282e-09,-1.5586070465607465e-09,-1.1964871636049783e-11,1.1636286547588935e-09,-3.8325225403906553e-10,1.1901462122529173e-09,8.717491048299666e-12,-9.329336611597045e-12,-5.542975242782593e-12,8.512252517767775e-12,-1.1837763467173065e-09
1 5,-6.822308868052091e-12,-1.9641247356389157e-09,-2.743355879065697e-09,-7.851733180752401e-10,1.1752255497844747e-09,3.1290741527675337e-09,3.8497161574676183e-10,1.1665797209770268e-09,3.830811778242669e-10,-1.2157802674347271e-11,3.9191140713037906e-10,1.1894593387285722e-09,7.871615162020907e-10,-3.1339466516774425e-09,7.572444301375934e-10,-2.71937955935625e-09,1.5792992092877196e-09,1.576921659424985e-06,7.796803573308032e-10,7.83959951031591e-10,-7.844102794192014e-10,-4.03835630065622e-10,-7.742829518578039e-10,7.97639898408214e-10,-1.1717627972210606e-09,-1.1865950106599217e-09,3.9601024373571763e-10,7.867461887795131e-10,1.1773580212739316e-09,1.5559438180691236e-09,-7.625430321555246e-10,8.99547052058252e-12,3.9184704891181e-10,1.565993938675151e-09,1.5675175329878423e-09,3.816561228675843e-10,1.9489461058789132e-09,1.182353076379808e-09,7.856606820910959e-10,-1.1687156264025945e-09,3.848323690295146e-10,-1.1905045203891296e-09,-1.5626343431364938e-09,-1.1695544861668296e-09,1.178912914463726e-09,1.1639778607507775e-11,7.673084634717317e-10,3.762932971759557e-10,-7.759280006341413e-10,1.5644069268787255e-09,7.853318170676561e-10,-1.1686342113631493e-09,-7.875182350107229e-10,-1.5773593201215872e-09,-4.023460273338752e-10,1.1703658116749344e-09,3.788882067517652e-10,-3.802001865350943e-10,4.1234668929012985e-10,7.928761610703384e-10,-3.9764120466681147e-10,-2.7500281632353457e-09,-1.5656555716472715e-09,7.97545072480997e-10,-1.5727322257001984e-09,-2.3418014870104743e-09,1.1801181753748105e-09,-1.5599011331959114e-09,-7.72401819670733e-10,-3.878681965725147e-10,-3.9963637133325073e-10,-1.5702520189229268e-09,-1.9368845418668904e-09,-1.5842297377265072e-09,-1.5702628919221212e-09,3.9137020934273776e-10,-1.9555163648329105e-09,1.9488111392361406e-09,-7.910684550681609e-10,3.523055534720325e-12,-1.948144010396223e-09,-3.8715262734113833e-10,2.7317050396052774e-09,1.1792966580658659e-09,-7.754869923481963e-10,-3.4088334082349587e-12,7.838747109415071e-10,1.1675824427481865e-09,3.8247391141736593e-10,1.169127861393585e-09,1.9565604178526126e-09,7.668284008799776e-10
