Mutation,Order 1,Order 2,Order 3,Order 4,Order 5,Order 6,Order 7,Order 8,Order 9,Order 10,Order 11,Order 12,Order 13
Mut 1,0.025631411686023342,0.036637477773300564,0.050460431377643125,0.06459657819395931,0.0820576390608882,0.09605996215702894,0.10957225953074115,0.11950308461794601,0.12650430059559414,0.11311537645778404,0.09206757046449343,0.052791689824193924,0.031002218260403867
Mut 2,0.09543187658123892,0.07164715188018951,0.055127573117161426,0.0473504920754375,0.0445090536843294,0.043609819931220525,0.04264897207076572,0.041988715952272965,0.043466598497624284,0.04985440532971484,0.06489345406943423,0.13923877841664214,0.2602331083939687
Mut 3,0.001279153240171433,0.022358046849281835,0.05423382137978523,0.07712856032041661,0.08388335577930318,0.08451521882116839,0.08079506097995347,0.07508353324027256,0.06903472632552354,0.06381723894837495,0.0667763930057275,0.2569539391113434,0.06414095199867777
Mut 4,0.25585860432926066,0.19457940802697812,0.13640595866681202,0.09106877924092503,0.060079846369759174,0.041720452974560444,0.029297749812139614,0.021155242650858858,0.020284284583383338,0.03957511153218385,0.08376816978404225,0.02545918218870071,0.0007472098403959605
Mut 5,0.21130732897935775,0.16936847182640716,0.13174008984689434,0.10394548743406981,0.08111166498533846,0.06360324561812279,0.052035825967834744,0.0452201895825894,0.040718560832645856,0.03559912089471525,0.02661598386842692,0.02438590584157522,0.014348124322022482
Mut 6,0.025572619832650786,0.03442415805210122,0.04532745216027883,0.05636360589471129,0.0695398728587826,0.08119027879789377,0.09401094535854336,0.10475781603015925,0.10797066885311742,0.11050253486525505,0.1288847153121159,0.07090891313392186,0.07054641885046879
Mut 7,0.1585837805063547,0.16499392110209993,0.14743896228273384,0.126057611625788,0.10295094624005569,0.0818839687785236,0.06209522209915288,0.0446457473943851,0.03114273075860058,0.02214575839777875,0.01679734594615086,0.014692062629849633,0.026571942238526405
Mut 8,0.011670825454061003,0.026631957654961215,0.04774948708329343,0.06532144079685454,0.07798461544190223,0.08537615820391865,0.08649973062083698,0.08386742294846145,0.08150251394998101,0.08527321384185045,0.10623792615779104,0.09306994657577923,0.14881476127030893
Mut 9,0.01088826701547955,0.017720698417851684,0.028743862330025096,0.04349876591390368,0.06249713930581785,0.08123206329651618,0.09885013232225105,0.11566192860620485,0.13263752871123605,0.15040603092188887,0.12037853731664394,0.08471498517891453,0.05277006066326676
Mut 10,0.007636224605226855,0.01710136865109257,0.03048600478493678,0.045213730257119195,0.06218193731221538,0.07405062461083345,0.08025910236033079,0.08358386618133558,0.08587103220330732,0.08776988710039788,0.08379670302046166,0.09482381619896771,0.24722570271377495
Mut 11,0.10065521377481772,0.10979447026515854,0.10261108313839697,0.09331602656820187,0.08382039261999254,0.07492193933656105,0.07036494545957742,0.07123640799684126,0.07276365634762903,0.06823169856423492,0.05576182758195908,0.058328951486642536,0.03819338685998711
Mut 12,0.0710058804131002,0.10227272229648274,0.12607101873673432,0.12988183460167615,0.11542485006519629,0.09759298704706315,0.08328590433244759,0.07487099651393175,0.07012473087026894,0.054351460093498435,0.03597623079926144,0.02614533528276307,0.01299604894757602
Mut 13,0.02447881358225725,0.03247014720409491,0.04360425509530469,0.05625708707693716,0.07395868627641913,0.09424328042658892,0.11028414908542544,0.11842504828474099,0.11797866747108852,0.11935816305232273,0.11804514267349166,0.05848649413070603,0.032410065640622446
