Mutation,Order 1,Order 2,Order 3,Order 4,Order 5,Order 6,Order 7,Order 8,Order 9,Order 10,Order 11,Order 12,Order 13
Mut 1,0.017475314583661857,0.028796674734884724,0.04385728500834331,0.06127731680631608,0.07961058603652707,0.09744330671357992,0.11856793063071318,0.13367680230561188,0.13153516374934524,0.1116665659563126,0.09618229923048312,0.05134094944596274,0.028569804798258464
Mut 2,0.12400375895651174,0.08794997185692634,0.06010985604942782,0.047689820417779485,0.045123391131220575,0.04293725547472944,0.0392611693349046,0.03627279442855844,0.036514783181118005,0.04166703192149479,0.0509662767933893,0.13895282893362437,0.2485510615203152
Mut 3,0.0011778123020933996,0.02525225783930223,0.06770915795652796,0.09693587966544558,0.1017250826293544,0.0946893311086677,0.0792804016556676,0.06270227698831847,0.04983118301831152,0.042358214714257665,0.04311692794731674,0.2465864694015178,0.08863500477321898
Mut 4,0.24206753774781362,0.1919631842723125,0.13252058268649683,0.07927662578861555,0.057042444703959805,0.04384660464956468,0.03225960639755973,0.02672801814178664,0.03350763819369502,0.06801887863801999,0.07613992801030153,0.016100774812996398,0.0005281759568777233
Mut 5,0.20465452720154687,0.17329561898598175,0.13691925401980157,0.10570306881973336,0.08478619055386899,0.06897128403210116,0.058093050299268166,0.0508189777600284,0.04466734566807302,0.0348115506133157,0.02222168130697814,0.01211456745134812,0.0029428832879547836
Mut 6,0.026265994704926274,0.03563974959461509,0.047219086022054414,0.06035132295948675,0.07404105036830554,0.08605363258034017,0.10268600728207025,0.11607141392477054,0.11345546619681753,0.10696030280273874,0.11250699313900535,0.06837420287996003,0.05037477754490926
Mut 7,0.17768402981067366,0.19200398631002077,0.16588478039008805,0.12657713573036578,0.09544969285579613,0.07078158256568458,0.04992696769455741,0.03404149415733004,0.023863746790084742,0.01853606442762844,0.015988672955742786,0.014829156791548035,0.014432689520479335
Mut 8,0.0075768682298479806,0.024292187488571267,0.04507725866090028,0.062466955662158596,0.06793797717297223,0.07232915779784062,0.07326539061550581,0.07230455150168835,0.07384494486284608,0.07815997944677693,0.1351530457862699,0.08886751371652979,0.198724169058092
Mut 9,0.002491798109433846,0.009534248043300261,0.020749269479261017,0.0358896346882959,0.055671608737770946,0.07428492329099613,0.09220516487788316,0.10892156545996211,0.1258906272997785,0.14461948168115266,0.13214935443714568,0.11798550869200176,0.0796068152030182
Mut 10,0.002643052805459901,0.011774813761883203,0.025010411975181338,0.0389764623630934,0.05287541230661008,0.06369627835304621,0.07239229105209534,0.08027446976904593,0.08890258141220223,0.09806894638122161,0.10794997482475348,0.11415131101421655,0.24328399398119077
Mut 11,0.15269918454512058,0.13675017759453675,0.11456220941457614,0.09239506367955146,0.08097564184699349,0.07184916793948287,0.06583322402354437,0.06472493847140667,0.06765733770522897,0.06965974405808138,0.04827899879011724,0.026991451008469874,0.00762286092289035
Mut 12,0.020135186476927767,0.05122837792319484,0.0933347062893017,0.12582108319020333,0.12393502789576484,0.11100743047003195,0.0968721286218764,0.08743654180958187,0.08788653136602101,0.0718224172010936,0.05940811486356098,0.05331340283954326,0.01779905105289851
Mut 13,0.02112493452598244,0.03151875159447022,0.04704614204803946,0.06663963022895486,0.08082589376085593,0.10211004502393473,0.11935666751435413,0.1260261552819106,0.12244265055647813,0.11365082215790592,0.09993773191493575,0.05039186301228127,0.018928712379896566
