Mutation,Order 1,Order 2,Order 3,Order 4,Order 5,Order 6,Order 7,Order 8,Order 9,Order 10,Order 11,Order 12,Order 13
Mut 1,0.03480946933349624,0.04993171809179927,0.06514364425923899,0.07899305691671286,0.06819098080546902,0.08900846867711652,0.09918426417662365,0.1065478741329446,0.12095883390963157,0.11959323975650267,0.08461605325086566,0.050255508914455384,0.03276688777514361
Mut 2,0.027860887206743297,0.03168377110279463,0.029934568871972676,0.03075631476666211,0.09226486559076447,0.07986887051248083,0.07234495966033785,0.06459519641879699,0.05524825808691144,0.048390126321703975,0.10111881663076591,0.15069745432789214,0.21523591050217386
Mut 3,0.015266112770902661,0.02051927396618723,0.02995990086945429,0.03382030555998447,0.058942410773166566,0.08770216749236684,0.10472913460794164,0.10686447844784584,0.0987734577925744,0.08602013102485917,0.05198149748576716,0.220077048890762,0.08534408031818755
Mut 4,0.25773257408901745,0.2024357162270942,0.1494932565588211,0.10678700148354305,0.07700680640643377,0.04149230778968955,0.022635609697553717,0.01131895574104462,0.006338152410485219,0.010179360843093321,0.09226697903200319,0.021480928722203044,0.0008323509990176554
Mut 5,0.23100203633284938,0.17140214193758202,0.12482349831783218,0.09362717592713377,0.09221344742761776,0.0641471474316042,0.04578581794164782,0.034194280492547725,0.02623383439674618,0.01997159968004537,0.0455485334276498,0.038550839883125645,0.012499646803618161
Mut 6,0.026623586391372446,0.04170049025243992,0.05891894474600961,0.0746563650882649,0.04733994543838223,0.06174586454854957,0.0752967034732375,0.09140312831356638,0.10827036603089639,0.13151664473628494,0.14136341672610783,0.07461742820677426,0.06654711604811413
Mut 7,0.14200365695986975,0.16008506277813403,0.15355278852533158,0.13410974461549682,0.09206194868562538,0.07426746059270349,0.05940599695607118,0.047884185496297575,0.036884379367910836,0.026574658043565028,0.027734799846742368,0.021721221113179492,0.023714097019072535
Mut 8,0.007448754073259038,0.02811022523659078,0.058242004532990305,0.0842951649606763,0.054794666427999614,0.07798688902637332,0.08942101477231316,0.09345656568040314,0.09474116772084144,0.10051529242426038,0.05901241125534399,0.070719270691032,0.18125657319791685
Mut 9,0.026133311175013288,0.03858464055955934,0.05617677362679987,0.07738925210807615,0.03840403096375345,0.05672776381599571,0.07472091692638486,0.09568352439890902,0.12233569047279697,0.15540210312162273,0.09864840461851423,0.08601992946129962,0.07377365875127485
Mut 10,0.011532049185890621,0.023053644858060166,0.040496242379311105,0.06139498679915462,0.0428799121317229,0.06566699205436664,0.07965343072047486,0.08769750323620523,0.09203603155959852,0.09319436976069218,0.06261542444220923,0.0987790168478117,0.24100039602450235
Mut 11,0.03145980986865759,0.032015653765158865,0.03307027500193335,0.03777788227782236,0.20648442708202314,0.15331440899929785,0.1178307347149866,0.09117335819260834,0.06368710902814993,0.03756535603743418,0.09549746419731579,0.07614208254806779,0.0239814382865442
Mut 12,0.15867803618631338,0.15963472975170334,0.14682410676775492,0.12115112916787792,0.07560783843290225,0.07102357532854606,0.06164361106800583,0.05474239729282814,0.05028274002680562,0.04017759030284489,0.0280421224136383,0.022381345607680903,0.009810777653098578
Mut 13,0.02944971642661483,0.04084293147289628,0.05336399554255017,0.06524162032859473,0.05380871983413949,0.07704808373090939,0.09734780528442147,0.11443855215600242,0.12420997919665154,0.1308995279470914,0.11155407667307651,0.06855792478571608,0.033237066621335715
