Mutation,Order 1,Order 2,Order 3,Order 4,Order 5,Order 6,Order 7,Order 8,Order 9,Order 10,Order 11,Order 12,Order 13
Mut 1,0.03480946933349624,0.04993171809179926,0.04179314075968709,0.05733393772410036,0.07870374446022843,0.0963860179584397,0.11262407762592887,0.11267548649471691,0.12557601320598036,0.10925331324963708,0.09817058467532194,0.047993920502795065,0.03474857591786903
Mut 2,0.027860887206743293,0.03168377110279464,0.10719133731147086,0.05552100056925191,0.04798665669527058,0.044047097817117783,0.0405863402949011,0.0533469381866964,0.03812597134835283,0.06978627574036926,0.06444341845017336,0.1204088420900885,0.29901146318676947
Mut 3,0.015266112770902656,0.02051927396618723,0.03047996669526409,0.06909899594851773,0.07951809197775354,0.08164494351142924,0.07545096279835432,0.08889110551950195,0.08019697140168841,0.04808760478219222,0.07883855762032438,0.28533791319618623,0.046669499811697844
Mut 4,0.2577325740890175,0.2024357162270942,0.14559172477212068,0.09739819708704421,0.06429921022466263,0.045559577013323395,0.03154179968281311,0.01145205050188348,0.024935512380942,0.0506514834439086,0.055470303624279495,0.012336709054664897,0.0005951418982459423
Mut 5,0.23100203633284935,0.17140214193758205,0.11802281865592505,0.10861584128541549,0.086702129252805,0.06917673430026082,0.05719786016154551,0.0342742293850805,0.02899651057335049,0.04490281056096061,0.024224300339181444,0.009772331347562753,0.01571025586748097
Mut 6,0.026623586391372443,0.04170049025243992,0.034609211648652424,0.05808472079470436,0.07463725360762545,0.08702212110911152,0.0999396742924217,0.08764132664603982,0.0963750096963268,0.1238870205394339,0.11816351022077119,0.07432825858464487,0.0769878162164555
Mut 7,0.14200365695986975,0.16008506277813403,0.1242599660062483,0.16471658497170188,0.12279378577917027,0.08832637149596753,0.06142283353911698,0.0305215651313269,0.027678130485687687,0.025921459272081424,0.015932407143212073,0.00871188299225543,0.027626293445227754
Mut 8,0.00744875407325904,0.028110225236590777,0.0379936512413957,0.05171154733762083,0.06253290046348797,0.07005079354940996,0.07385062394162514,0.11213749494901304,0.11092472655550867,0.06197152014985359,0.133004302438037,0.1190058018816593,0.1312576581825389
Mut 9,0.02613331117501329,0.03858464055955934,0.021059141668480934,0.03848020504962059,0.06152889940114137,0.08124176274321467,0.09688310315664905,0.09450854361920889,0.15924231792027027,0.1148930383125207,0.12785300122721321,0.09233321429650895,0.04725882087059882
Mut 10,0.011532049185890623,0.02305364485806017,0.024370365770268316,0.04032403872910662,0.05815120114778341,0.07166709716468093,0.08069547616967204,0.09402794008206383,0.08959462892785817,0.08113316870653856,0.07927625875579468,0.12461667817715986,0.22155745232512303
Mut 11,0.03145980986865759,0.032015653765158865,0.19319450731416182,0.11555433107422335,0.09804759214817971,0.08712449155316151,0.08201445941281778,0.0958814632197529,0.03808433507969658,0.09496725200671005,0.05141928406057589,0.03382340983933167,0.04641341065757227
Mut 12,0.1586780361863134,0.1596347297517033,0.0877579800090467,0.09001080063409055,0.09318457430978862,0.08494256491203037,0.07304464419031768,0.06522148703622191,0.07077721140613619,0.043882843870263366,0.040322288788278225,0.0168228299420462,0.015720008963763465
Mut 13,0.029449716426614824,0.040842931472896284,0.03367618814727818,0.053149798794602195,0.07191396053210304,0.09281042687185254,0.11474814473383685,0.11942036922849351,0.10949266101820142,0.13066220936553052,0.1128817826568371,0.054508208095096364,0.03644360265665718
