Mutation,Order 1,Order 2,Order 3,Order 4,Order 5,Order 6,Order 7,Order 8,Order 9,Order 10,Order 11,Order 12,Order 13
Mut 1,0.03845155282464478,0.03358214644244546,0.03575313170319806,0.04772511360433719,0.06635726925976412,0.08471892090643342,0.09795787709253104,0.10365518350770697,0.10571404897230488,0.10633032153559047,0.09944987177866357,0.08812132808125343,0.09218323429112636
Mut 2,0.03684483314679529,0.07086652317867967,0.09505855425865944,0.1082634804441058,0.10725058180989669,0.09584197638336282,0.08231612763337996,0.07235448021382908,0.06803300734548262,0.06713099916909866,0.06965507533377023,0.07230839867535598,0.05407596240758392
Mut 3,0.1221168719470712,0.09902543864774686,0.09616254863524643,0.09904638924952018,0.0984209546783322,0.0911425293207737,0.08114899801488434,0.07147880479185773,0.06295756741555139,0.05532410247333295,0.04978734975226043,0.041644087107583466,0.03174435796583904
Mut 4,0.2649081945133269,0.2048962314445471,0.15389437534201172,0.11271221883790832,0.07618020087994821,0.04723470296172484,0.028516045457902154,0.018226220621818764,0.013662331908440172,0.013408295017730637,0.0199505256634227,0.03546587204058935,0.010944785310629037
Mut 5,0.09955985741922105,0.13856810604217115,0.1529143929989247,0.14250778447550622,0.11334106580902453,0.08046766708223983,0.05559162334766466,0.04117513434565838,0.03477989094093914,0.03196805735020771,0.03302235594846252,0.038423977825272765,0.037680086414707485
Mut 6,0.03324165194295706,0.03228619242226007,0.03658149203220376,0.048487084232295634,0.06809124197840907,0.08842060372894278,0.0998317405031433,0.10557104062469413,0.10756658215702287,0.10665077161525707,0.10077643438598162,0.09061549081552507,0.08187967356130765
Mut 7,0.07266196275471616,0.07926966692942823,0.08260569832319353,0.08303630751587904,0.08392090978553036,0.08111728303987831,0.07543074282328531,0.06853951212064004,0.062374154738037105,0.05772846124956979,0.05902958539822457,0.07041001818366133,0.12387569713795617
Mut 8,0.025051594577617797,0.01815146959519629,0.01626060054091237,0.02233145116897159,0.0378315257399818,0.06211579742471662,0.08861693740650553,0.11105666841431909,0.12588942190266766,0.13423873794988073,0.13468883912153468,0.13177051550107016,0.0919964406566256
Mut 9,0.03182240812470679,0.020229788939855685,0.017988796886912267,0.0267682171564524,0.04166129875390143,0.06031925376171905,0.07884163672114605,0.09535976305207641,0.10997990221243449,0.12564965775067696,0.14042176576191254,0.1353093847824076,0.11564812609579833
Mut 10,0.03366145241957616,0.024441167155938505,0.022933637481676806,0.03277288622439246,0.05357676428959298,0.07796640428815504,0.09730191297426904,0.10925418541263386,0.1146257567251019,0.11758966400025717,0.11628878492639969,0.1060381963192934,0.09354918778271312
Mut 11,0.1189148650431389,0.15901081925116836,0.16715883480988583,0.14708955860410539,0.11152957629790744,0.07478290302747428,0.04736334873565106,0.030413402697979142,0.021269436018239225,0.0171063541318395,0.018175477020516397,0.02905695058370366,0.05812847377839093
Mut 12,0.08921515378445301,0.08712862612992918,0.08806635771733494,0.08681665551984195,0.08284070909117906,0.07628123198631662,0.07027417326840919,0.066130198528284,0.06308640465655878,0.05828247832364855,0.05533392871584533,0.06614795038792308,0.11039613189027624
Mut 13,0.033549601501774856,0.032543823820633436,0.03462157926984026,0.04244285296668397,0.05899790162653194,0.0795907260882627,0.09680883602122838,0.10678540566850243,0.11006149500721975,0.10859209943290976,0.10342000619300579,0.09468782969636066,0.09789784270704614
