Mutation,Order 1,Order 2,Order 3,Order 4,Order 5,Order 6,Order 7,Order 8,Order 9,Order 10,Order 11,Order 12,Order 13
Mut 1,0.03443765111444,0.046002490166275584,0.06097133240215462,0.06910156649030398,0.04818366555953394,0.06684589315693885,0.08462513170898926,0.09650716867024911,0.10350562593606746,0.10684638736703231,0.09068255792459137,0.09891407071627815,0.09337645878714534
Mut 2,0.0006044713879177089,0.008263520849857521,0.028905553301787013,0.04732445721573955,0.13876084758501017,0.13902754340383175,0.12229842269655013,0.10253592618816611,0.08917861151202885,0.08282342450948767,0.11689526443044942,0.08521782582983237,0.03816413108934159
Mut 3,0.1686342473960946,0.12276378703244266,0.08489530231353618,0.0661158192195043,0.07563339970249298,0.07931041815090586,0.07822047296964915,0.07265318714958148,0.06525095453377597,0.05765542242992885,0.04199684424866876,0.04575178632537309,0.0411183585280461
Mut 4,0.223170503810178,0.2058236408691805,0.16465786632349363,0.12200845188695034,0.09090035230676442,0.05976134968461479,0.03625485268713414,0.021038594392118394,0.013406460990888807,0.011485860299988817,0.03295987348215781,0.015613229850385248,0.0029189634161449615
Mut 5,0.1831945740477356,0.1670934690728316,0.1356451211269226,0.10741672526372292,0.09984204037069587,0.08027145706663195,0.056594076958533884,0.0385545476500804,0.028640202000248936,0.024085296565195796,0.04828789166026718,0.02421974985407064,0.006154848363062686
Mut 6,0.025856743114597715,0.04286957611892149,0.06479554162209912,0.07890617899006763,0.04911197093313011,0.06810421196405864,0.08559623813435248,0.09803838833927102,0.10518965742549534,0.10715727770366251,0.09199940609514111,0.09673656215475857,0.08563824740444415
Mut 7,0.0816399824768051,0.09201154084776934,0.0986719574241979,0.09900537951368786,0.07539406608400401,0.07460065296399791,0.07165177573485285,0.06672656668907857,0.0607684337872502,0.05452111938505552,0.09173274766824399,0.08748069696206581,0.04579508046299092
Mut 8,0.004348968505083482,0.012834913739508062,0.02977570527022108,0.05212914942420457,0.027217934257084245,0.048070776755900504,0.07709134545243641,0.10554028376094092,0.12609268464339185,0.1384640543796656,0.062346724692697,0.09935391516686645,0.2167335439519998
Mut 9,0.03400523445331128,0.047572626473616625,0.06057076336744232,0.0709703142884398,0.024707263033271972,0.04179320501116648,0.06189663160903813,0.08120220217367112,0.09802046808621637,0.11530347175942494,0.07580083041853057,0.1037924527816493,0.18436453654422102
Mut 10,0.01925900364377539,0.02709348931161817,0.041508325710632406,0.058727723308068476,0.03753629915820943,0.06064684336430782,0.08538941085107044,0.10429680428492541,0.11495458394090707,0.12090672150780901,0.08103589462044877,0.10650865484596167,0.14213624545226627
Mut 11,0.01914517487781154,0.03839546755961823,0.057474231688805125,0.06908571579962304,0.22398948646130368,0.15894378054349897,0.1026744057808127,0.06443515839640981,0.042870332481280075,0.03266287792651459,0.09342321884322173,0.06732714712325427,0.02957300251784647
Mut 12,0.17651484318619137,0.1456251016260059,0.11065758970702878,0.08601627208970841,0.05869813886216487,0.056785581832812404,0.05385721393232119,0.05082998142667116,0.04801577822296614,0.04378159972389656,0.06574446062078881,0.06339945982893566,0.040073978940508605
Mut 13,0.029188601986058178,0.04365037633235447,0.06147070974167919,0.07319224650997891,0.05002453568633427,0.06583828610133416,0.08385002148425938,0.09764119087883658,0.10410620643948282,0.10430648644233766,0.10709428529479341,0.10568444856056876,0.0739526045419821
