Mutation,Order 1,Order 2,Order 3,Order 4,Order 5,Order 6,Order 7,Order 8,Order 9,Order 10,Order 11,Order 12,Order 13
Mut 1,0.02852778158651272,0.03369010371431865,0.04146402082029724,0.05252167282712338,0.0652621042116763,0.07717913328938068,0.08689536047009164,0.09476116434287807,0.10085439139157885,0.10526781245055737,0.10708616232019644,0.10763744740943093,0.09885284516595756
Mut 2,0.012805102792063426,0.035406845589668924,0.060008315395697245,0.08296060538439598,0.09775730671598357,0.1025078270403487,0.1007787490158361,0.096795863349901,0.09330470306664174,0.09138740614585496,0.0906186573831331,0.0862019271167363,0.049466691003738815
Mut 3,0.14533511564959975,0.11819138949802209,0.10261412108533584,0.09247745922227568,0.08364876514313244,0.0754692536082402,0.06806145950335843,0.06159471447507055,0.0563549790093874,0.05263905147661916,0.050939646744142066,0.05004597324415882,0.04262807134065736
Mut 4,0.24047950611112556,0.20481180676013208,0.16166455367058577,0.12036610440154522,0.08442142094855128,0.05667746219715738,0.03776657021067072,0.02644874882697682,0.02073473210165122,0.01828678110026062,0.016493856421178402,0.00998259140376128,0.001865865846403851
Mut 5,0.1694181192769848,0.1620781987195999,0.14857293363381527,0.12781146371090205,0.10310067433951463,0.07977807802835485,0.06063456206690694,0.046047201086635986,0.03533235177546042,0.027364668131406308,0.02078966823147198,0.01386817310343878,0.00520390789550823
Mut 6,0.02784635515769769,0.03562951041543066,0.046087372209168205,0.05982493180240837,0.07424406182117278,0.0858996765316249,0.09319344840846676,0.09646202548032445,0.09726906798444206,0.09653501428002373,0.09461319652838923,0.09582947339786758,0.09656586598298367
Mut 7,0.10487161698584731,0.10596298395532994,0.10413576072335727,0.09963083646533226,0.0933756970253386,0.08536659306436366,0.07638376882286224,0.06741871721740102,0.059543166702480166,0.05355407164419718,0.049869867636295154,0.04949408465763838,0.05039283509955683
Mut 8,0.007901795543605287,0.011373548996149218,0.017177298947105357,0.02769234771451616,0.0433574872616127,0.061950903022938715,0.08054020856821173,0.09683591673340881,0.10930448064585842,0.1178362850058521,0.12425256398597397,0.1327710074921232,0.16900615608264433
Mut 9,0.017759949472585947,0.019558097634974528,0.024424037744327873,0.0340516593274554,0.04749419462146491,0.06267058982585116,0.07788926007876447,0.09215722985609823,0.10494247253180312,0.11621568704120365,0.1259311476436073,0.12960321669859776,0.14730245752326587
Mut 10,0.01529699991955652,0.018467581118981176,0.02466789638251355,0.036000686819083305,0.05203446451081118,0.06932169525399474,0.08479282233032583,0.0966852660926624,0.10442713696667616,0.1087830542345227,0.11211021540370132,0.11923535980254785,0.15817682116462314
Mut 11,0.09003980947553977,0.1235771875990383,0.13833617079922186,0.13093494945460943,0.11057219670541948,0.08753876953397961,0.06773032417010069,0.0529161309600394,0.04312096022712459,0.03797764637495106,0.03713554724940877,0.040810223422667304,0.03931008402789969
Mut 12,0.11245109181114021,0.097505490591781,0.0884655389320814,0.08174423856828711,0.07644366377779156,0.07310031060796596,0.07142121415471953,0.0706136798146998,0.07021918219395402,0.0698109632187578,0.06923391395117698,0.06706735449617081,0.05192335788147365
Mut 13,0.02726675621774095,0.03374725540657347,0.04238197965649311,0.05398304430206546,0.0682879629175307,0.08253970799579963,0.09391225219968491,0.10126334176390346,0.10459237540294172,0.1043415588957934,0.10092555650132515,0.097453167754861,0.08930504098528702
