Mutation,Order 1,Order 2,Order 3,Order 4,Order 5,Order 6,Order 7,Order 8,Order 9,Order 10,Order 11,Order 12,Order 13
Mut 1,0.03845155282464478,0.04480884508992378,0.032864549507454446,0.043884030485588005,0.07287020473328401,0.07353812727144778,0.07950795326226265,0.09628856516532286,0.09138993327785064,0.10636790174875621,0.10876157240369594,0.10221785983303561,0.10904890439673354
Mut 2,0.03684483314679529,0.007302931323976672,0.06860836241902522,0.12056531227480553,0.0566391594443966,0.12362230441602089,0.06865056443740049,0.10191290186660522,0.07995174750410784,0.08845935513777173,0.08751373102684148,0.09132281220278532,0.0686059847994677
Mut 3,0.12211687194707119,0.14104390177645984,0.10429868415293696,0.084762408733111,0.07576134123238244,0.08072924136058784,0.06383954827634966,0.06955279316602689,0.05849385075211565,0.05962792916237611,0.05552551121230045,0.047687160673418855,0.036560757554863
Mut 4,0.2649081945133269,0.1841152835115267,0.15166541722475513,0.12218944325715186,0.07817849887447459,0.05614637901421561,0.04138957157625454,0.02183400415084105,0.0314492830456151,0.010601169362536043,0.012072212370428033,0.019398940495763285,0.006051602603111158
Mut 5,0.09955985741922103,0.18251711155866118,0.1609446974773192,0.12933067140938823,0.09797515493075715,0.0851154391120319,0.06570005283743822,0.04424956413114458,0.050207952167592926,0.021742236189970187,0.0192464607510953,0.02188987284714562,0.021520929168234466
Mut 6,0.03324165194295706,0.03898173584939955,0.042266034405664336,0.04506158828799182,0.0881481342102154,0.0747186522152658,0.09251335644573004,0.09489424354288313,0.08727458821801481,0.10479435094420878,0.10644248858141825,0.09911223757727047,0.09255093777898066
Mut 7,0.07266196275471616,0.08894611359423989,0.14571471617870538,0.07536811342764274,0.09049119106924111,0.07154216993505719,0.08828117542166994,0.059333586677737776,0.07578079730646531,0.04638396024777777,0.044220955527949524,0.0507088878838773,0.09056636997491972
Mut 8,0.025051594577617797,0.01136518470116376,0.011437928650412536,0.021863737014595583,0.06834304449634372,0.05489172420344068,0.09849587798824239,0.10448497440495393,0.10963862189449347,0.13654378837279282,0.13374260299341514,0.13117664315210517,0.09296427755042284
Mut 9,0.0318224081247068,0.041269072076504085,0.01529595659848101,0.021706497754973957,0.079537347445354,0.0490455407491265,0.09649910966614857,0.08458995212202079,0.1081644792155499,0.11627112232475377,0.12839146131596235,0.12480044217379765,0.1026066104326207
Mut 10,0.03366145241957616,0.024339658631519594,0.01695960217683752,0.030699415131916718,0.06909421246033494,0.06645743418760129,0.08842100324495601,0.10205669641184421,0.08845174658992033,0.1250351627539087,0.12845320181878142,0.12081215026533597,0.10555826390746698
Mut 11,0.1189148650431389,0.03314521825872438,0.15952804141870658,0.18353368276763182,0.04790909791979472,0.12365959683067689,0.03937033901623979,0.06666435890395175,0.03739011369106767,0.03641171050523762,0.03027574665260033,0.041712516456974234,0.08148471253525534
Mut 12,0.089215153784453,0.16279053083244688,0.05285220900981985,0.07867129394718514,0.09327281096102388,0.06963924520683572,0.08127232927631962,0.0587498178388556,0.08412939458007244,0.04662231134890356,0.043691555797177636,0.051299351414146585,0.08779399600276018
Mut 13,0.03354960150177485,0.03937441279545353,0.03756380077988192,0.0423638055080177,0.08177980222239752,0.07089414549769192,0.09605911855098831,0.09538854161781216,0.0976774917571338,0.10113900190100666,0.1016624995483342,0.0978611250243437,0.10468665329516376
