Mutation,Order 1,Order 2,Order 3,Order 4,Order 5,Order 6,Order 7,Order 8,Order 9,Order 10,Order 11,Order 12,Order 13
Mut 1,0.019239512669578608,0.02556177941575493,0.03480757913586522,0.04757475410220551,0.0629469693385002,0.07960709498550836,0.094469383194399,0.10560154022280287,0.11276249705164591,0.11626970533699399,0.11339142382182653,0.10372846710679161,0.08403929361812745
Mut 2,0.043091177937419935,0.05294453131453716,0.06795462290671649,0.08779966420053652,0.10487536762830595,0.11047878469029987,0.10667039988054128,0.09801991262862966,0.08792973870317886,0.07857443324663763,0.07087112866631104,0.06287233484137762,0.02791790335550824
Mut 3,0.12444120275066389,0.12168446152119271,0.11540109694536238,0.10391433834861459,0.08897251546153241,0.07421404233237165,0.06205755425472989,0.05330443616429509,0.04799941448330483,0.04646851353126237,0.05013818278784221,0.05861706638008089,0.052787175038746956
Mut 4,0.23262009498698732,0.19796019091405123,0.16094190002358252,0.1235364034655132,0.08959522108956144,0.06237673490973096,0.04348044455836858,0.03143968618941727,0.023543494701260624,0.017190019432818043,0.011079030362019395,0.005246061255233287,0.0009907181114560612
Mut 5,0.17474509950913486,0.16720602840120347,0.15302389150375928,0.13200835140254588,0.10778583553533438,0.08380904471710354,0.06278038487740376,0.04556054271744148,0.03186641945185075,0.021086165247129786,0.012707409225762927,0.005998771764264614,0.0014220556470654223
Mut 6,0.028248463026730328,0.03572232855870262,0.04665763322989134,0.06118478652931262,0.07653871813506079,0.09048284594357442,0.10027567106040768,0.1053636095428289,0.10615217125682876,0.10335432021803294,0.09598843308990995,0.08569938478149831,0.06433163462722148
Mut 7,0.14296096927804716,0.13892640793753055,0.1287891344219595,0.11194132119563215,0.09316718667823805,0.07590114572370366,0.06256111379987624,0.053525334310413855,0.047948407327766056,0.04441217644064329,0.04290403660731747,0.03962848786648234,0.01733427841238987
Mut 8,0.004934874931802944,0.008418411795741224,0.014532264308881401,0.024453130526390515,0.03743162435589876,0.051926914186802696,0.06599329729333503,0.07876216726733899,0.0906405435025374,0.10271410643980584,0.11692097043970255,0.14297744665652232,0.26029424829524045
Mut 9,0.004434213872573527,0.009009831521825412,0.01667508564932472,0.028400027092143804,0.043246061658652836,0.059123446460102626,0.07406993523205214,0.08719697713430917,0.09888823231598891,0.1102740762813275,0.12281334868237914,0.14063533982723983,0.20523342427208044
Mut 10,0.005742944086594189,0.009973553000465703,0.01685630969709086,0.02717698279789248,0.04073530552145746,0.0565019485544192,0.07334289610152897,0.09014020284524892,0.10629511214326501,0.12120587697188284,0.13457391762727916,0.14755169299204363,0.1699032576608316
Mut 11,0.15099124012990914,0.14794934702044152,0.13968593545473212,0.12466191607526397,0.10583532117761095,0.0861237776919499,0.06826732320825239,0.05337008786439517,0.04141276472995818,0.03193928726138394,0.024561435352104907,0.017736386244668327,0.007465177789329543
Mut 12,0.04531546462290438,0.05389993661468005,0.06322115038191307,0.07171309915315018,0.07725962610053537,0.08122242903700244,0.0840817301040629,0.0865777651590923,0.08965661172466682,0.0940054482218494,0.09977012164322477,0.09911200403464386,0.05416461320227466
Mut 13,0.023234742197653837,0.03074319198387358,0.04145339634092123,0.05563522511079855,0.07161024731931144,0.08823179076743083,0.10194986643504209,0.11113773795378638,0.1149045926077481,0.11250587137023234,0.10428056169432014,0.09019655624915351,0.05411621996972783
