,1,1,2,3,5,6,7,8,9,10,11,12,13
1,0.000136352982448406,-1.8925802821185567e-05,-2.075153835411856e-05,-2.1803601360554507e-05,-2.4054203070156685e-05,-1.943431304963105e-05,-2.3229385585564807e-05,-1.7929684534494576e-05,-1.790071970427674e-05,-1.8492922003126186e-05,-2.4318813160932364e-05,-2.2283509083207572e-05,-1.9672570469809796e-05
1,-1.8925802821185567e-05,3.843779122259196e-05,-7.385177323841996e-08,1.2295771137522904e-08,1.300216090214805e-07,-9.417869301163925e-08,1.1084262449940803e-07,-2.4224956069447515e-07,5.588774654082692e-08,-1.5541975001222323e-07,-1.0980307486428507e-07,-9.151052774643801e-08,-5.33660249064996e-08
2,-2.075153835411856e-05,-7.385177323841996e-08,3.852322277393853e-05,-1.807015863271139e-07,9.279142660026344e-07,6.486235949224949e-08,6.756623751761357e-07,1.3618020775165103e-07,-5.162788509094037e-07,-4.917974714940151e-07,9.058675697445047e-07,2.538493940489147e-07,1.9435640220010574e-07
3,-2.1803601360554507e-05,1.2295771137522904e-08,-1.807015863271139e-07,3.855434827124723e-05,1.4097109272770051e-06,1.8167248125789214e-07,8.379564639287402e-07,-2.632654932533982e-07,1.1909490117366877e-07,9.593583278125987e-08,1.1912569776656015e-06,7.767118438913122e-07,1.1282957536824489e-07
5,-2.4054203070156685e-05,1.300216090214805e-07,9.279142660026344e-07,1.4097109272770051e-06,3.8860307275658616e-05,-6.588636529360685e-09,1.7983200298654702e-06,-3.6924804829902954e-07,-4.647391886770323e-07,-3.4057808608505935e-07,2.6303296302025003e-06,1.2866227628475226e-06,2.5489300905937154e-07
6,-1.943431304963105e-05,-9.417869301163925e-08,6.486235949224949e-08,1.8167248125789214e-07,-6.588636529360685e-09,3.844207778528916e-05,2.8927315692347043e-07,9.481782554773569e-08,-1.223603930000559e-07,-1.1413378431370113e-07,3.199101013892222e-08,-2.842324843861468e-07,1.5781177545572436e-07
7,-2.3229385585564807e-05,1.1084262449940803e-07,6.756623751761357e-07,8.379564639287402e-07,1.7983200298654702e-06,2.8927315692347043e-07,3.870486139409718e-05,-3.3602388470445694e-07,-3.060351486247246e-07,5.1018553794728836e-08,1.9823203136380898e-06,1.123060934371374e-06,-5.622114287328316e-08
8,-1.7929684534494576e-05,-2.4224956069447515e-07,1.3618020775165103e-07,-2.632654932533982e-07,-3.6924804829902954e-07,9.481782554773569e-08,-3.3602388470445694e-07,3.8456775017072483e-05,-3.781021194599764e-07,-6.140197982403456e-09,-4.133688349700173e-07,-4.581161535580554e-07,-1.1968304410746858e-07
9,-1.790071970427674e-05,5.588774654082692e-08,-5.162788509094037e-07,1.1909490117366877e-07,-4.647391886770323e-07,-1.223603930000559e-07,-3.060351486247246e-07,-3.781021194599764e-07,3.8466068743423735e-05,2.141889690520841e-07,-6.285992020849098e-07,-4.734169530926684e-08,-1.6587004578128516e-07
10,-1.8492922003126186e-05,-1.5541975001222323e-07,-4.917974714940151e-07,9.593583278125987e-08,-3.4057808608505935e-07,-1.1413378431370113e-07,5.1018553794728836e-08,-6.140197982403456e-09,2.141889690520841e-07,3.8448564773900385e-05,-2.2648806428022211e-07,-3.0502404736951604e-07,-3.984946761350252e-08
11,-2.4318813160932364e-05,-1.0980307486428507e-07,9.058675697445047e-07,1.1912569776656015e-06,2.6303296302025003e-06,3.199101013892222e-08,1.9823203136380898e-06,-4.133688349700173e-07,-6.285992020849098e-07,-2.2648806428022211e-07,3.8939012925573156e-05,1.7797834976956405e-06,1.8036609854859383e-07
12,-2.2283509083207572e-05,-9.151052774643801e-08,2.538493940489147e-07,7.767118438913122e-07,1.2866227628475226e-06,-2.842324843861468e-07,1.123060934371374e-06,-4.581161535580554e-07,-4.734169530926684e-08,-3.0502404736951604e-07,1.7797834976956405e-06,3.865176189981544e-05,2.2334819671210813e-07
13,-1.9672570469809796e-05,-5.33660249064996e-08,1.9435640220010574e-07,1.1282957536824489e-07,2.5489300905937154e-07,1.5781177545572436e-07,-5.622114287328316e-08,-1.1968304410746858e-07,-1.6587004578128516e-07,-3.984946761350252e-08,1.8036609854859383e-07,2.2334819671210813e-07,3.844098994880668e-05
