,1,1,2,3,4,5,6,7,8,9,10,11,12,13
1,0.00021285479363289473,-2.9874719767874858e-05,-3.05964826624273e-05,-2.9668310309849916e-05,-3.0252992336636258e-05,-3.038109694909751e-05,-3.1151141660484863e-05,-3.0535301411166694e-05,-3.065942362787836e-05,-2.9595095724766784e-05,-3.025082422854224e-05,-3.0707956021690424e-05,-2.9429020640569524e-05,-3.10090794263287e-05
1,-2.9874719767874858e-05,6.133750087683565e-05,-5.087067750529227e-08,2.662189338597869e-08,-4.960177956317339e-07,-1.0815718489914755e-07,-1.367556234288858e-07,-1.3228422075678725e-07,1.265849868833777e-08,-3.773410520606342e-08,2.54716917891096e-07,-3.3866818040839584e-07,5.197682622387336e-08,6.299107450505441e-08
2,-3.05964826624273e-05,-5.087067750529227e-08,6.137859859106419e-05,-1.0922947524069088e-06,5.829043728270129e-07,4.267206340468803e-07,7.190458070929105e-08,-1.5670695240339056e-07,5.4949572946137445e-08,-5.635260314619949e-07,-3.6716891571856066e-07,5.397837202258964e-08,-4.948362728663783e-07,3.368938309046795e-07
3,-2.9668310309849916e-05,2.662189338597869e-08,-1.0922947524069088e-06,6.136528538817813e-05,7.066390255523884e-08,-6.290175534100872e-07,2.8228681959151605e-09,-4.488787473120605e-07,-1.0798397091530748e-07,8.602295506722862e-08,4.741537061569477e-07,-4.5372459003472003e-07,5.624294145679754e-07,-1.8607716557367987e-07
4,-3.0252992336636258e-05,-4.960177956317339e-07,5.829043728270129e-07,7.066390255523884e-08,6.139045206344997e-05,1.4336348522286392e-07,-1.0839667804870288e-07,-2.47271894862444e-07,-1.9256123008410596e-07,-3.492671924284203e-07,-3.7315872182107616e-07,-1.9400757855518277e-07,-1.1584805984436953e-06,5.1695889280954446e-08
5,-3.038109694909751e-05,-1.0815718489914755e-07,4.267206340468803e-07,-6.290175534100872e-07,1.4336348522286392e-07,6.134411224598889e-05,7.302883156916026e-08,1.0357302405087167e-07,-4.392620937728532e-08,-2.93101556628808e-07,-4.241560279682776e-07,-1.513233131450141e-07,-3.8096681898211744e-07,1.3593097673085462e-07
6,-3.1151141660484863e-05,-1.367556234288858e-07,7.190458070929105e-08,2.8228681959151605e-09,-1.0839667804870288e-07,7.302883156916026e-08,6.133684380049224e-05,7.626763207264215e-07,2.5493784715665944e-07,-5.631189842392997e-08,-2.821456351774313e-07,4.105525934031141e-08,-1.374122085323748e-07,2.60615013684822e-07
7,-3.0535301411166694e-05,-1.3228422075678725e-07,-1.5670695240339056e-07,-4.488787473120605e-07,-2.47271894862444e-07,1.0357302405087167e-07,7.626763207264215e-07,6.134439860958951e-05,4.5413831898941384e-07,-1.496927545696067e-07,7.578065119432075e-08,1.7121670558897944e-07,-3.663584532880138e-07,-2.6421439087249407e-07
8,-3.065942362787836e-05,1.265849868833777e-08,5.4949572946137445e-08,-1.0798397091530748e-07,-1.9256123008410596e-07,-4.392620937728532e-08,2.5493784715665944e-07,4.5413831898941384e-07,6.133231293202613e-05,-3.340236111473385e-07,-1.342054211213045e-07,2.5362643495940734e-07,-1.5283724732109166e-07,-2.4823359160081825e-07
9,-2.9595095724766784e-05,-3.773410520606342e-08,-5.635260314619949e-07,8.602295506722862e-08,-3.492671924284203e-07,-2.93101556628808e-07,-5.631189842392997e-08,-1.496927545696067e-07,-3.340236111473385e-07,6.133906126527926e-05,2.0863947245481088e-07,-1.2432076543719763e-07,7.040702518990484e-08,-2.0368039658955015e-08
10,-3.025082422854224e-05,2.54716917891096e-07,-3.6716891571856066e-07,4.741537061569477e-07,-3.7315872182107616e-07,-4.241560279682776e-07,-2.821456351774313e-07,7.578065119432075e-08,-1.342054211213045e-07,2.0863947245481088e-07,6.133685782250821e-05,-5.556649943488421e-08,-3.0358782593991844e-08,1.0437347265146622e-08
11,-3.0707956021690424e-05,-3.3866818040839584e-07,5.397837202258964e-08,-4.5372459003472003e-07,-1.9400757855518277e-07,-1.513233131450141e-07,4.105525934031141e-08,1.7121670558897944e-07,2.5362643495940734e-07,-1.2432076543719763e-07,-5.556649943488421e-08,6.134131563720884e-05,-7.562278877989479e-08,1.3321419725523124e-07
12,-2.9429020640569524e-05,5.197682622387336e-08,-4.948362728663783e-07,5.624294145679754e-07,-1.1584805984436953e-06,-3.8096681898211744e-07,-1.374122085323748e-07,-3.663584532880138e-07,-1.5283724732109166e-07,7.040702518990484e-08,-3.0358782593991844e-08,-7.562278877989479e-08,6.136537498492986e-05,2.5857943718490576e-07
13,-3.10090794263287e-05,6.299107450505441e-08,3.368938309046795e-07,-1.8607716557367987e-07,5.1695889280954446e-08,1.3593097673085462e-07,2.60615013684822e-07,-2.6421439087249407e-07,-2.4823359160081825e-07,-2.0368039658955015e-08,1.0437347265146622e-08,1.3321419725523124e-07,2.5857943718490576e-07,6.132997556164833e-05
