,1,1,2,3,4,5,6,7,8,9,10,11,12,13,1 2,1 3,1 4,1 5,1 6,1 7,1 8,1 9,1 10,1 11,1 12,1 13,2 3,2 4,2 5,2 6,2 7,2 8,2 9,2 10,2 11,2 12,2 13,3 4,3 5,3 6,3 7,3 8,3 9,3 10,3 11,3 12,3 13,4 5,4 6,4 7,4 8,4 9,4 10,4 11,4 12,4 13,5 6,5 7,5 8,5 9,5 10,5 11,5 12,5 13,6 7,6 8,6 9,6 10,6 11,6 12,6 13,7 8,7 9,7 10,7 11,7 12,7 13,8 9,8 10,8 11,8 12,8 13,9 10,9 11,9 12,9 13,10 11,10 12,10 13,11 12,11 13,12 13
1,0.0011866892677532962,-0.00032949402710890247,-0.0003322661480983541,-0.0003227721745298865,-0.0003287214205894045,-0.0003392469298369612,-0.00034657677156794346,-0.00033624386495878,-0.00033841346242459636,-0.00033315828138947456,-0.00033755965781098003,-0.0003376979543578033,-0.0003303045877058814,-0.0003421331113053519,5.170839595382261e-05,4.944126238461475e-05,5.119972515412814e-05,5.247009215197583e-05,5.206531620338657e-05,5.1435767358607e-05,4.966663757254109e-05,4.8001820600369147e-05,5.01322951926556e-05,5.181867087050932e-05,4.705441864341218e-05,5.170473902689123e-05,5.0193357608782734e-05,5.130753396503115e-05,5.0598000787105636e-05,5.4173454156044875e-05,5.1557469631901755e-05,4.838609843725143e-05,5.2557601151738914e-05,5.206812044070192e-05,5.142633308868726e-05,4.898080677339459e-05,5.1195926698396974e-05,4.865436195496649e-05,5.018185735537139e-05,5.139791449090679e-05,4.7849928939904825e-05,5.14570517259058e-05,4.8978458726324054e-05,5.2055808005138074e-05,4.74502237239211e-05,4.675358363557148e-05,5.043856851841664e-05,4.864145824444092e-05,5.371768068223844e-05,5.057335903009623e-05,5.233853570536772e-05,5.14206062696872e-05,5.025859508976765e-05,4.899008619428177e-05,4.983620566038703e-05,5.158760138911321e-05,5.3604593833043276e-05,5.2660922231556435e-05,5.274857700503696e-05,5.284210404299616e-05,5.440091161525075e-05,5.1956987178959436e-05,5.3961218799084e-05,5.3574453884182144e-05,5.165940716199069e-05,5.154162930192179e-05,5.279473633041708e-05,5.39516352012812e-05,5.534239998588313e-05,5.268640863106081e-05,5.454100194036616e-05,5.391135323114732e-05,5.113588219226429e-05,5.132940643443274e-05,5.240329441527707e-05,5.124244524977752e-05,5.272878685550173e-05,5.1517750753151576e-05,5.12528220401542e-05,5.268863988322652e-05,5.2900565548477005e-05,5.3889369222751316e-05,4.997354206813969e-05,5.370247576279422e-05,5.000150857362623e-05,5.086077316969088e-05,5.0715732397197446e-05,5.0786155519050184e-05,5.337466732782176e-05,5.224457781064166e-05,5.451380103763466e-05,5.072665047984142e-05
1,-0.00032949402710890247,0.0006816720311052976,5.1792360845280713e-05,4.961960848677101e-05,4.656885775348866e-05,5.292515827929798e-05,5.0571022804307285e-05,5.0402086128823525e-05,4.7914082549068976e-05,4.606575144765661e-05,5.245950479792763e-05,4.8525050080041114e-05,4.5331929626715034e-05,5.2322870984011854e-05,-0.00010525414225736071,-0.00010192145929209599,-0.0001048035151781183,-0.00010457308534365535,-0.000107367075089851,-0.00010520303747504694,-0.00010534500907962166,-0.00010182528790324258,-0.00010356334485837764,-0.00010614828838483686,-0.0001010479370487191,-0.0001064966986056007,8.270188694585261e-07,2.0067286596515607e-06,-5.375931089475896e-07,-1.3227276371392537e-06,-2.019548429902955e-07,2.2226787539151507e-06,-4.029176805767197e-08,-5.317549716658353e-07,-8.190951432126607e-07,9.1638908042946e-07,-7.398814685784549e-07,1.3253036236952207e-06,8.290316887326497e-07,-6.217320779652115e-07,-1.2137381730256899e-06,6.076636836017285e-07,1.3441164467418938e-06,-1.6917559854103016e-06,9.864127816699572e-07,4.233081262658485e-07,2.442347334986324e-07,-7.680238316126347e-07,2.2617799887058714e-06,-6.015079291935451e-07,2.1553450193760304e-06,4.1745170118918004e-07,2.1556381816010906e-07,1.5792205893333457e-06,1.2950763692117782e-06,8.40275649415667e-07,-7.112269979426471e-07,-1.6277516708625398e-09,-7.689471603151759e-07,-2.336204826490606e-07,-1.2466919524297e-06,2.452278819878085e-07,1.7698418394668484e-06,-1.4214918686041856e-06,9.927184690442107e-07,1.6240235725483532e-06,1.9058285191851208e-06,-9.73480963188323e-07,6.701337787061526e-07,1.7755050634513737e-07,-5.843657205562565e-07,3.648231126629705e-07,7.722214509006961e-07,-1.1717676204791348e-06,1.5757425207044253e-06,1.1544169310174517e-06,-5.465820039591556e-08,-3.886810971143308e-07,-3.888462022341721e-07,8.59859687270799e-07,-1.7074522040049376e-06,2.142080239405119e-06,6.251284768559319e-07,6.517125315726397e-07,6.462861794235138e-07,1.0206293688179999e-06,9.269815475999354e-07,2.2030922961161444e-06,-8.807523057999601e-07,3.833168564531471e-07,-9.047261778327451e-08,3.8704066792709613e-07
2,-0.0003322661480983541,5.1792360845280713e-05,0.0006795414204956432,3.8216469007370526e-05,5.6984132207792465e-05,5.376092414297811e-05,5.580878820304505e-05,4.9023626866886966e-05,4.472000898729637e-05,4.848208221542814e-05,4.842045330699703e-05,5.065080137281947e-05,4.2368861232908006e-05,5.2648070795441464e-05,-0.00010288229550618737,2.7254010559931155e-06,1.9619872025665235e-07,-1.4051436097772063e-06,-1.7289007127077008e-06,-1.837413929311921e-07,2.0701263390853723e-06,7.707914317153374e-07,5.658404832865605e-07,-1.4771581649237507e-06,1.829928151617643e-06,-1.0999776024706307e-06,-0.00010385725723436123,-0.00010302123495173655,-0.00010371688624781174,-0.00010697318931402158,-0.00010536832097769792,-0.00010529135456719758,-0.00010258776000706786,-0.0001046591159536182,-0.00010558711826517793,-0.00010202822535805385,-0.00010609981081419043,8.243714300776996e-07,7.339581741539346e-07,6.993739279218426e-07,4.606612750560002e-06,4.154664823584037e-06,2.3729598565045815e-07,1.369664577709191e-06,4.160704999132371e-06,3.6125571616800568e-06,2.1765390265410666e-06,-1.5715964553640747e-06,-2.658473968308136e-06,-2.409436911677215e-06,1.817296454114801e-07,-3.1155698594739644e-07,-1.4271117831584906e-06,-6.77235736491173e-07,-4.4995114461857625e-07,-1.0961113498880225e-06,-5.884381369810003e-07,4.726205868770988e-07,1.1564470509172592e-07,-2.9000677743907196e-07,-7.983096752342076e-07,-4.76073111195637e-07,1.3804918368381346e-06,-1.5527602001660835e-06,6.511196746955572e-07,3.114697593504845e-08,1.0653188762967121e-06,3.803357251031505e-07,-5.797713905928757e-07,9.353917028584564e-07,-7.661103394863337e-07,3.271458024959459e-07,-2.3131788121901972e-07,2.2373902527412946e-06,2.8341756568783717e-07,1.2799274836235317e-06,1.5024759138167219e-06,6.453984713387046e-07,2.4836287285764058e-06,8.346941621098558e-07,1.4543786116903458e-06,2.053222421854825e-06,7.485320704433365e-07,5.171705768267989e-07,1.595551612041558e-06,1.051377886786801e-06,1.1716831438751264e-06,2.7280542767177333e-06,1.901907672870128e-07,1.4074646042186169e-06,-7.686448187745531e-07,6.637609520633199e-07
3,-0.0003227721745298865,4.961960848677101e-05,3.8216469007370526e-05,0.0006837224188550728,4.7704943371140336e-05,4.3045942376360336e-05,5.0907454036785287e-05,3.997671271748914e-05,5.066478975294333e-05,4.9787743954991466e-05,5.927221318811759e-05,3.875529829875703e-05,5.063685828758288e-05,4.738223306457167e-05,2.643116654310781e-06,-0.00010262795578065805,3.363399792852971e-07,1.7314350334499312e-06,-8.539988031785832e-07,-6.464838329966807e-07,7.426526686127782e-07,1.0973149987013175e-06,-1.9928202921439246e-06,1.1208840598873232e-06,-3.3479472643554655e-07,6.794721542430338e-07,-0.00010748230337223652,1.8928623170441174e-06,2.6845511880447446e-06,7.845767072843884e-07,5.16338565354088e-06,4.474173612890403e-06,-9.704116598635148e-07,-3.1078529664500667e-07,5.279492763979002e-06,1.688087121119611e-06,3.071854874543162e-06,-0.00010443040062601602,-0.00010602225989075874,-0.00010713173868301328,-0.0001060416652631898,-0.00010565428178196712,-0.00010138374469078252,-0.00010286785172466114,-0.0001068287445537656,-0.0001001153520623334,-0.00010705468755232141,2.5948343153044543e-06,1.5093952437536659e-06,3.1882011576024675e-06,-4.169316209811204e-07,-2.161233299248676e-06,-3.7483110248963103e-06,4.311532967860607e-06,-3.4941178589003472e-06,1.1207369447785835e-06,2.1732998501187783e-06,2.7140483958976136e-06,-1.841738152541952e-07,-3.500159823491649e-08,-3.4058513949091907e-06,5.113188846960854e-06,-5.517226792172013e-07,3.145936023947833e-06,1.1947829130813371e-06,-4.3303225694168897e-07,1.75095210208186e-06,-2.480309081425897e-06,2.0939044983121525e-07,-4.106392753909546e-07,1.68388793594618e-06,9.129940779170694e-07,1.3464953012786551e-06,2.6114563784057166e-07,4.4255617187207444e-06,1.0499906155898897e-06,1.5729178643163988e-06,4.999100138362109e-07,-1.2003992593134216e-06,1.9429325601969928e-06,-5.165232020068686e-07,-8.758307486429822e-07,4.145998081432796e-07,-1.0937770605708054e-06,-7.600316791612936e-07,9.435423226711788e-07,-1.0636063453952744e-06,1.4207576268794602e-06,-1.0389784082275988e-06,1.622181504828127e-06,1.911422460150371e-06,-1.3330032349606158e-07
4,-0.0003287214205894045,4.656885775348866e-05,5.6984132207792465e-05,4.7704943371140336e-05,0.0006814232280429389,4.729774175143176e-05,5.3250798745525233e-05,4.669597445922431e-05,5.052664745536398e-05,4.9116013714431414e-05,4.522948257113989e-05,4.412408506518239e-05,3.749443753156374e-05,5.105820447641734e-05,1.0556368465644678e-06,1.2238480267001678e-06,-0.0001036830783867321,-1.2253320644338289e-06,2.22962170813551e-06,-3.973639839055516e-07,2.4220302168117788e-06,8.631241174085697e-07,1.401971421066754e-06,1.3140337241234804e-06,3.395077091710267e-06,9.570188860998368e-07,-1.2230358221587989e-06,-0.00010424275002593225,-9.861804742654638e-07,-2.336202446566001e-06,-2.286851777517164e-06,6.043940908912084e-07,-6.768145130360716e-07,-1.3919377822100972e-06,-3.12740987222284e-07,7.42816897577881e-07,-5.849200768121018e-07,-0.00010196415406959003,1.0462553717196672e-06,1.6425335025232122e-06,2.7531035164201754e-06,-2.685623363530035e-07,-1.4314623643669743e-06,-2.0034349137823354e-06,3.540370163511753e-06,-2.899698206878037e-07,6.91983432721105e-07,-0.0001042183488603387,-0.000107503993943476,-0.00010561344004138965,-0.00010579408721853906,-0.00010249272518900968,-0.00010487767565561919,-0.00010604476137480091,-0.00010328650718462187,-0.00010674486525962893,-1.2403746910985733e-06,-7.378301347725982e-07,1.8671410295465801e-06,2.862886711091569e-07,3.3267358413382036e-07,5.053642556904379e-06,7.934514877496885e-07,2.9730996366512244e-07,7.548825597467902e-07,-2.815181433039799e-07,8.075927358917545e-07,3.3136233980994255e-06,-8.161423135057795e-07,1.7769849629493708e-06,-5.687694740520817e-07,-1.975518114953389e-06,2.3909134996352804e-06,3.527872172733611e-06,1.3802955061852624e-06,5.551144176755581e-06,8.493515665486677e-07,-6.189348854232137e-07,3.3301424892713355e-06,-4.6164950653062275e-07,2.555846008580237e-06,5.173954651127931e-07,1.8020721908938705e-06,-4.347779289402798e-07,3.482366049265079e-06,3.110426146782736e-07,2.444298299917146e-06,3.3120266603127986e-06,7.860294039141324e-07,2.725842072978882e-06,3.148132941613112e-08,4.245199638460607e-06
5,-0.0003392469298369612,5.292515827929798e-05,5.376092414297811e-05,4.3045942376360336e-05,4.729774175143176e-05,0.0006802996743221449,5.4980242606244046e-05,5.455994015976942e-05,5.2799087041276056e-05,5.222496940055454e-05,5.2953217316581105e-05,5.0021429785637785e-05,5.3866466289720623e-05,5.564611246051312e-05,-1.1783671552311995e-06,1.9634070864873326e-06,-1.8613797222029101e-06,-0.00010288578009834974,-1.102786671079881e-06,-4.1804293208435013e-07,-6.634271357885396e-07,1.7158928508843857e-07,-2.28508499188505e-08,-1.8087894541169494e-07,2.4165663333907456e-06,-1.4855849978755904e-06,-2.5381769971514955e-08,-7.645976455534549e-07,-0.00010437786332097025,-4.696762762463227e-07,-1.9195867326924773e-08,2.416028531924678e-07,-7.54960328581317e-07,-7.200658273083219e-07,-1.9794667786004696e-07,1.1579007377646475e-06,-1.2456865146181799e-06,2.358681897255669e-06,-0.0001032820015976983,1.9922716783739163e-06,1.643517818015222e-06,-2.3636074920884142e-07,6.174048232090603e-07,-1.5306183882847682e-06,4.38562769548051e-06,1.209748333896018e-06,2.554817845510584e-06,-0.00010383336044752101,-1.6407057100855842e-06,-1.40215200542464e-06,1.587304127448025e-06,1.571351568345272e-07,4.801742592488294e-07,5.082424027138944e-06,-5.936109052716889e-07,1.838346241327347e-07,-0.00010688082365138422,-0.00010483533345643249,-0.0001054235197477417,-0.00010219401417544824,-0.00010471885028614352,-0.00010606173821106594,-0.00010177642763167638,-0.00010643892254412195,1.3438421664975148e-06,2.348853316936806e-06,-1.645041806211118e-06,-1.3247989358919435e-06,-1.0123972957617595e-06,-9.887152634640543e-08,-3.064475074371011e-07,-1.4403731921868838e-06,-3.9466510840966215e-07,2.7968249159053005e-07,-1.6492415094474762e-06,1.0378501805168309e-07,-1.3260133300397007e-07,2.022364025334165e-06,-8.043522957955211e-07,8.877670492151899e-07,-1.6761002252459862e-06,-9.550356896458725e-07,2.6296558657291303e-07,-4.0532858233873656e-07,-1.4471600028508413e-06,-2.891449434296599e-08,1.840583155932893e-06,4.405312218433539e-07,1.8287689916973117e-07,-3.917873273943162e-06,-9.989695578465543e-07,-1.0719528558719726e-06
6,-0.00034657677156794346,5.0571022804307285e-05,5.580878820304505e-05,5.0907454036785287e-05,5.3250798745525233e-05,5.4980242606244046e-05,0.000677174096859113,5.796186530508674e-05,5.231976924635114e-05,5.3259229546837036e-05,5.221729090570466e-05,5.756693983729926e-05,5.267664820260775e-05,5.762304114644959e-05,-1.5748883361856326e-06,-5.893162268958411e-07,1.5608275286165028e-06,-9.63570224103775e-07,-0.00010288348109891756,-5.964283818436564e-07,1.2184931128978082e-06,1.934050485345773e-06,-5.1888189879354704e-08,2.8227436916754703e-09,4.775254470405037e-07,-9.415776515695337e-07,-1.2121462245859642e-06,-1.419548967948e-06,4.16433148794306e-08,-0.00010495308775221317,-9.314644099403129e-07,-2.926363493736123e-07,2.1331223615227313e-07,1.676437898349426e-07,-6.061322892409716e-07,2.9245697302761337e-07,-6.14727472708175e-07,1.7741146268286544e-06,1.1006418897140112e-06,-0.00010188290476617059,-8.641703787892532e-07,-1.053488111632978e-06,1.8323134289677974e-06,-1.2254578424438579e-06,-5.569885334349411e-07,6.873826523358451e-07,9.101999681798522e-07,-1.1226171199212144e-06,-0.00010417128525520882,-9.578228061164493e-07,-1.0039450372111452e-06,2.084374704346857e-07,3.037976096566311e-06,-1.2361920271322872e-06,-4.661936653347047e-08,-9.600832086290073e-07,-0.0001042388753922782,2.3296319169907773e-07,1.6999353528848783e-06,-2.0590759998209615e-06,-1.54171713219996e-06,-1.3724684834473813e-06,-5.830179001423949e-07,-5.587384980743348e-07,-0.00010366938841080924,-0.00010492123814430447,-0.00010188325947415494,-0.00010441990312533108,-0.00010550206098378246,-0.00010138714792263574,-0.00010617669171558377,-4.029791718440416e-07,-2.053675848919684e-06,-5.973517090076506e-07,-1.4598216506290642e-06,-2.06497268679423e-06,-1.3341705553490103e-06,-4.867799226557972e-08,1.7442548913499196e-06,5.409105508221509e-07,9.891385889546365e-08,-1.4022247982074344e-06,2.9393213821688534e-07,-2.356460254440828e-06,-1.4883250825039852e-06,-9.954246532728812e-07,8.821671976349893e-07,-1.7295011110535295e-06,-1.0078957910960626e-06,-3.5730007247594374e-07,-1.3308982768339862e-06,6.442518833517779e-07
7,-0.00033624386495878,5.0402086128823525e-05,4.9023626866886966e-05,3.997671271748914e-05,4.669597445922431e-05,5.455994015976942e-05,5.796186530508674e-05,0.0006797375747659797,6.028365028929989e-05,5.00128420924746e-05,5.1559045693954194e-05,5.415761121478679e-05,4.8329458099282206e-05,4.962202171192133e-05,-4.0154626243224887e-08,-3.904445511087748e-07,-1.0422716972722564e-06,-3.1476319104755214e-07,-5.559838400714433e-07,-0.00010286852362856296,-3.981626528194536e-07,9.446957250667967e-07,-7.985587138373249e-07,5.931429484600237e-07,1.8316011069772869e-06,4.731041316221833e-07,3.6200405534968125e-06,-8.940104616533955e-07,1.0879066326453355e-06,-5.23156657183966e-07,-0.00010549607647021138,-4.770517523305666e-07,-9.89945421914826e-07,1.4988714609009733e-06,-8.114316258072043e-08,1.035792646845641e-06,2.578784419730273e-06,3.7746005338532916e-06,1.3398099221042033e-06,-9.186879058061239e-08,-0.00010273230566745053,-2.0245682394464454e-07,1.760965672292424e-06,9.02001962740898e-07,3.3599843625299252e-06,2.5918817413867737e-06,1.6501713739432626e-06,-8.124840065480159e-07,-8.305739234550053e-07,-0.00010451935978779954,-3.142663224123522e-06,1.9915486972151907e-06,2.806014959339912e-06,7.025746344727607e-07,4.186463552004793e-06,1.4509532650015509e-06,1.9219368210409055e-07,-0.00010432547818094809,-2.431153381563198e-06,-5.598436744011827e-07,-4.196266402665931e-07,-2.365383054526299e-06,1.401988128405157e-07,5.255828026745862e-07,-0.00010567221509013555,-7.162022849465902e-07,-1.9356093462491403e-06,-1.2201985138317133e-06,-1.7027327767683606e-06,-1.665151552419311e-06,-4.921780371398821e-07,-0.00010453825448823796,-0.00010206956513424154,-0.00010389596602396826,-0.00010541158113500932,-0.00010194230868107271,-0.00010710299592749727,-1.9406778220324483e-06,-1.0766481445272553e-06,-1.4042865610894906e-06,-1.2172932942329737e-06,-1.070402205394051e-06,4.939106909222921e-07,-1.9491520471955422e-08,-3.3354733332617633e-07,2.4923823773202636e-06,3.233303212581521e-07,-2.89182012095582e-07,-1.1060314793043764e-06,-9.604777738388933e-07,7.551654463800754e-07,6.647369384507526e-07
8,-0.00033841346242459636,4.7914082549068976e-05,4.472000898729637e-05,5.066478975294333e-05,5.052664745536398e-05,5.2799087041276056e-05,5.231976924635114e-05,6.028365028929989e-05,0.00067910635258832,4.8745253629340866e-05,4.9002534901926276e-05,5.536440541320743e-05,5.372399490299648e-05,5.189984241942463e-05,1.9496020897934325e-06,8.526263778515198e-07,1.5492049755733059e-06,-8.940819882190734e-07,9.956961528769517e-07,-6.049197177537133e-07,-0.00010269599613990886,1.7729108936664644e-07,3.1069183700349653e-07,-1.5234809192862654e-07,-1.3912042713692666e-06,2.6982754517298596e-06,2.479492196913514e-06,1.548358658925125e-06,9.198627386384838e-07,-3.4742918747452506e-07,-7.669537536381592e-07,-0.00010514737587673816,2.416734426375831e-07,2.1543025167346957e-06,4.7231387894681164e-07,8.515249369626779e-07,3.182910454713163e-06,-6.943652249196686e-08,-1.1130579274813057e-06,-7.439403422090829e-07,-7.193705495396565e-07,-0.00010215938089436159,1.2282256584718074e-06,-1.0099913241183558e-07,6.598393096715477e-07,7.411864455274568e-07,-8.263093622627895e-07,2.328402491432721e-06,-8.952581594076112e-07,-3.2128943991700697e-06,-0.00010440397935601233,-6.271314494089177e-07,2.9168347362758337e-06,-1.1681806406403188e-06,7.536844562793331e-07,1.0169733693290166e-06,1.990593260803232e-06,-2.1928885975850417e-06,-0.00010449777253700832,2.0955989826227283e-06,-1.2192140360391825e-06,1.0427818509083825e-07,-2.1055910365085708e-06,-2.1150628272998991e-07,1.0700591936546463e-07,-0.00010657717654913622,3.915519570562773e-07,1.463565960819989e-06,1.5558090581084926e-07,1.3037550794370954e-07,-5.124618408451807e-07,-0.00010421322395655172,-1.629265691933153e-06,-6.539746434885065e-07,-1.5767062151028839e-06,-1.5221875177103542e-06,-1.15269070574935e-06,-0.0001022707665516641,-0.00010421876298188904,-0.00010513472924809549,-0.0001013768468489883,-0.00010706710172468575,1.0171961354429686e-06,-2.6317935702877583e-07,7.455713812133994e-07,-9.824111579342732e-08,3.8926976265432186e-07,-1.7325220758400808e-06,5.674895520699597e-07,5.912328435462739e-07,-7.842843799785077e-07,-1.2291984629727766e-06
9,-0.00033315828138947456,4.606575144765661e-05,4.848208221542814e-05,4.9787743954991466e-05,4.9116013714431414e-05,5.222496940055454e-05,5.3259229546837036e-05,5.00128420924746e-05,4.8745253629340866e-05,0.0006825510043741,5.1924961679293395e-05,5.538709227902387e-05,5.2076079509850114e-05,5.021797373753173e-05,7.780160088430715e-07,1.2874025719891164e-06,1.4036602372924892e-07,5.27102437824218e-08,1.7475632366154758e-06,7.963825707335968e-07,1.845409702913986e-07,-0.00010267921386987179,7.068015580596742e-07,2.7234342508913465e-07,6.212078364220016e-07,1.176123698572637e-06,-1.728715775560956e-06,1.2641783431122655e-06,1.0560384279913418e-06,1.3007125406942797e-06,-2.8486037839236887e-07,1.349957366493872e-06,-0.0001061549280315102,-3.1130477432685656e-07,8.4404953786978e-07,6.648708243425971e-07,1.5948029268250071e-06,-1.4125192773937716e-06,-5.704877095113632e-07,1.736163782027774e-06,8.733654841433079e-07,8.377192262031995e-07,-0.00010170374365125917,8.731073949523476e-07,-1.7205535273887267e-06,9.854610984934318e-08,6.437542117846293e-07,1.0573893190962944e-06,6.065531301217877e-07,2.152824514746613e-06,-3.7964399888265553e-07,-0.00010457586956607601,8.295526140016967e-07,-6.064581047831877e-07,1.3708943925588078e-06,4.2062963340091644e-07,-1.4055350296714011e-06,4.521737947492609e-08,2.5656451370816012e-06,-0.0001050086269781334,-7.85618200463697e-07,-4.530516419934567e-07,-2.3250273792408763e-06,9.375684443986281e-08,-5.267276194450713e-07,1.0151598610718326e-06,-0.00010721127013186974,-5.6298081266828e-07,-2.041736057309877e-06,-1.9068778008497412e-06,-5.716781584465826e-07,-5.673434739884441e-07,-0.00010522828178963402,3.3235456626593693e-07,4.1668913774753273e-07,-1.120367747260514e-06,2.0766708512962568e-06,-0.00010593002093102128,4.516826312325851e-07,3.9292456766349525e-07,2.9552945614812905e-07,-5.154642898972675e-07,-0.00010356469488772538,-0.00010572847475912612,-0.00010106585181904619,-0.00010661242439043375,-9.909845773407231e-08,-1.8981327065604962e-06,1.750788517226107e-07,-1.3652883029124203e-06,-5.694378124642164e-07,7.015012421654116e-07
10,-0.00033755965781098003,5.245950479792763e-05,4.842045330699703e-05,5.927221318811759e-05,4.522948257113989e-05,5.2953217316581105e-05,5.221729090570466e-05,5.1559045693954194e-05,4.9002534901926276e-05,5.1924961679293395e-05,0.0006805231894944362,4.848997915495995e-05,5.1512174359316696e-05,5.4345207264412395e-05,4.081942096536248e-08,-2.3650353831468644e-06,8.423734433365992e-09,-7.503824598925017e-07,-7.432180460653622e-07,-1.4552679871193703e-06,-1.655113099082675e-07,1.9067344669485856e-07,-0.00010221569252811074,3.319131815712656e-07,2.3427779938418287e-06,-7.878824641274984e-07,-1.4498973180629099e-06,3.430245673548772e-07,7.810479162531431e-07,9.414240491432211e-07,1.8663101006970412e-06,2.889981386375544e-06,-6.721557186053468e-07,-0.00010593932491640009,1.5288976444882736e-06,1.7802244622816204e-06,6.851959107110467e-07,-2.955830859303334e-06,-3.7008156557737777e-06,-2.0435437793289636e-06,-6.936335361612825e-07,-1.2014077728236126e-06,2.924578858659618e-07,-0.0001009806287922047,-1.6519673179649464e-06,2.3081451147888544e-06,-1.3546942194928408e-06,1.384308311405227e-06,3.518941898148747e-06,2.9939014166597987e-06,3.230869066014772e-06,8.982273468640929e-07,-0.0001047158527530991,2.4236464112609254e-06,1.2141995143968674e-06,7.818842994400433e-07,-7.130312963959631e-07,3.804928672636836e-07,-5.670600155988525e-07,-6.325170106615223e-07,-0.00010523699168801833,1.8439012515667712e-06,-2.1949543382498103e-07,3.788122428144958e-07,5.979180791212141e-07,2.4189013600522476e-06,-1.6096372435911215e-07,-0.0001076448466569724,1.0629726827754079e-06,-1.8808609629927638e-06,-5.332766649452529e-07,-2.804182754268154e-08,-1.4029557929858148e-07,-0.00010490637881636161,7.053982419796602e-07,-7.621308674436634e-07,-1.582592392739525e-06,1.3353853205761448e-07,-0.00010562904820710896,9.529844796891526e-07,-1.9773384644454503e-06,1.6708238172019036e-07,-0.00010134260145825198,-1.7131201969632157e-07,-1.7741360008027626e-06,1.1755860646226161e-07,-0.00010575202320867721,-0.00010104344237619275,-0.0001065418166532923,-5.0561503803310036e-08,1.0291442793247434e-07,-4.703613016978067e-07
11,-0.0003376979543578033,4.8525050080041114e-05,5.065080137281947e-05,3.875529829875703e-05,4.412408506518239e-05,5.0021429785637785e-05,5.756693983729926e-05,5.415761121478679e-05,5.536440541320743e-05,5.538709227902387e-05,4.848997915495995e-05,0.0006794143725205823,5.297529234731908e-05,5.696641992873823e-05,-1.02943412958761e-06,1.8300659272513223e-06,9.908705239820051e-07,1.9683365798572332e-07,4.1263426428231483e-07,1.0409223793444515e-06,4.319825355965887e-07,8.430935734409829e-07,1.540540990305769e-06,-0.00010322573675033187,6.309707886276512e-07,-1.9282420881719814e-07,3.1076062137964487e-06,6.858014039122072e-07,5.522393401789131e-07,-4.845878151387263e-07,-4.141230671600165e-07,3.877629526568717e-07,-2.8631400520296444e-07,8.463406947211487e-07,-0.00010517649555688987,7.462033074157313e-07,-3.635037173548066e-07,4.602693592279663e-06,4.084992987982737e-06,2.1440410796605448e-07,3.291996507690957e-06,1.2806025572548457e-06,-7.304351383407828e-07,6.688681842568808e-08,-0.0001028210733824453,2.823764240265749e-06,1.3673404306210784e-06,5.600979095591791e-06,-1.1052867633232189e-06,5.242403466973391e-07,-1.36322112301529e-06,-8.321921231015768e-07,1.9629995874769685e-06,-0.00010448007087259112,8.321390844196116e-07,-1.9010572953838342e-08,-9.800895031542062e-07,-1.7596497387639437e-06,3.987622763185977e-07,-7.596511991144873e-07,1.2945658872837381e-06,-0.00010499876769415094,-4.359334292774606e-06,-1.0011778294246998e-06,-4.577843636902619e-07,5.628207698727922e-07,-2.3081043395959107e-06,4.79613956824913e-07,-0.00010695940314367356,-5.086054050394799e-07,-1.1404628673988663e-06,-1.069434398408075e-06,-9.050498725230862e-08,5.091298256104737e-07,-0.00010488329363456349,-1.4511804864066653e-06,8.563311174273025e-08,-6.2323146939967e-07,2.1939441393842373e-07,-0.00010500186602983501,5.335748968483264e-07,-1.4363264001558492e-06,3.489832450722808e-07,-0.0001018373706331025,-1.1572993523060566e-06,-8.618822178762152e-07,-0.00010402786839418772,2.3050859446377857e-08,-1.2119323688238088e-07,-0.000101313916961288,-0.00010644295525489849,-1.3961091102781987e-06
12,-0.0003303045877058814,4.5331929626715034e-05,4.2368861232908006e-05,5.063685828758288e-05,3.749443753156374e-05,5.3866466289720623e-05,5.267664820260775e-05,4.8329458099282206e-05,5.372399490299648e-05,5.2076079509850114e-05,5.1512174359316696e-05,5.297529234731908e-05,0.0006837605848092257,5.2931218683411025e-05,1.6646741062389698e-06,-4.294905057164425e-07,2.4221478865328523e-06,2.1237874728583914e-06,1.8060293835305218e-07,1.574356121128227e-06,-1.4450056718065412e-06,4.883244023294593e-07,2.6256264955855755e-06,-5.667338088957243e-08,-0.00010264508653218951,8.775775025519432e-08,7.616868698823982e-07,2.6686170812379957e-06,2.8005116056727692e-06,1.2846130043968154e-06,1.5816230884223888e-06,1.7912844853396755e-06,5.55810712595581e-07,2.0402757790820822e-06,1.7125846998733744e-06,-0.00010615180905542696,7.728743884933651e-07,-1.2812768268991773e-06,-9.83287493161906e-07,-2.7034909852576377e-07,8.675005684916747e-07,-4.5251563893320075e-07,-7.016785369892617e-07,2.1523222936733323e-06,1.0208223656039224e-06,-0.00010094843324289129,-8.562408289471517e-07,1.7270570287232257e-06,1.7402510490380598e-06,5.699335764737354e-06,2.366208276416999e-06,2.8098457926089153e-06,2.74679013709698e-06,2.618962559118763e-06,-0.00010604444079893322,3.925476863354765e-06,2.2127487922254977e-07,9.047378949448086e-07,-1.455845944717345e-06,-2.1456429759396594e-06,-2.8060213849657236e-07,-3.920553304412952e-06,-0.00010521750603416137,-1.2560029598193646e-06,-5.7672001966409846e-08,8.942300343050772e-07,-1.8188299334245542e-06,-2.1746823857660588e-06,-1.8381386146308147e-07,-0.00010732100409169409,6.091333793400794e-07,-7.647542155540791e-08,-7.99587409802502e-07,-6.041106022315549e-09,-5.503610493760623e-07,-0.00010581512060593201,-2.395998272172943e-07,-8.925378555644592e-09,-1.9171142907139613e-06,1.180724086694746e-06,-0.00010563407807538017,-2.166503896875774e-06,-1.5637186631285944e-06,-1.4637652877369132e-06,-0.00010168432846520253,2.395004056542677e-07,-3.272522491168512e-08,-0.00010405675837446629,-9.075804004562685e-07,-0.00010577312368226997,-1.5298657336969026e-06,-0.00010625932268199595
13,-0.0003421331113053519,5.2322870984011854e-05,5.2648070795441464e-05,4.738223306457167e-05,5.105820447641734e-05,5.564611246051312e-05,5.762304114644959e-05,4.962202171192133e-05,5.189984241942463e-05,5.021797373753173e-05,5.4345207264412395e-05,5.696641992873823e-05,5.2931218683411025e-05,0.0006775554837270964,-1.3584065199792489e-06,5.484009190211902e-07,-2.8803101762205568e-08,-1.8056675426534922e-06,-1.2729242592437049e-06,1.2472789637113931e-07,2.524058572481048e-06,1.015994674363963e-06,-4.3329610763335656e-07,-9.30164514637612e-07,-1.5104730181826338e-08,-0.00010256777617322229,6.463058755916564e-07,-1.2111932573935158e-07,-1.0447807213512084e-06,-1.0770576234312606e-06,1.7308420667971219e-06,2.6189185556193066e-06,2.8890514456148396e-08,-4.89817706937075e-07,-9.079312321747784e-07,-6.061777933746364e-07,-0.00010457531928018875,1.2273413636502023e-06,1.8193334263865475e-06,1.2055963472931633e-06,1.1629532504334443e-06,-6.685086101116085e-07,1.1106953142213311e-06,-3.104072157901155e-07,9.154821098092917e-07,3.9011097069607655e-07,-0.00010220913695679367,3.3565238477643956e-07,-1.273883428872068e-06,9.012770872377989e-07,5.674182626300031e-07,-2.960134015101456e-07,5.4893690507550555e-08,-5.253470180492108e-07,1.760794781582072e-06,-0.00010389777348242016,-6.313654002385074e-07,5.46278828149542e-07,-5.640146974714303e-07,-6.069337792010961e-07,-5.428770735569896e-07,-1.4902885403115132e-06,-2.1793123993951784e-06,-0.0001042074896381672,4.530162974961915e-07,-5.154108416772436e-07,-1.1060977564298328e-06,-1.4978966517024151e-06,-1.4407736679969266e-06,-6.29851285942235e-08,-0.00010661752197301506,1.5388513321221935e-07,2.2046433095193984e-06,-9.849097258788391e-07,8.413533628079598e-07,-4.51559534721917e-07,-0.00010537980601743145,-6.812246102627039e-07,3.569322816881715e-07,-5.822485215806402e-07,-1.931183071873017e-06,-0.00010571857202052476,5.095068978403899e-07,-9.894749675264705e-07,4.409796486374922e-07,-0.00010173192177557103,-2.2171583743375002e-07,-1.043399117567442e-06,-0.00010392142614951372,-1.8587785114928262e-06,-0.0001053421518244443,-0.00010062900587823837
1 2,5.170839595382261e-05,-0.00010525414225736071,-0.00010288229550618737,2.643116654310781e-06,1.0556368465644678e-06,-1.1783671552311995e-06,-1.5748883361856326e-06,-4.0154626243224887e-08,1.9496020897934325e-06,7.780160088430715e-07,4.081942096536248e-08,-1.02943412958761e-06,1.6646741062389698e-06,-1.3584065199792489e-06,0.00021108129841831692,-3.776755289593426e-06,1.95174962422871e-06,1.4630323531558163e-06,2.6290304561362475e-07,-5.814687151840422e-07,2.388313400471135e-07,-1.9656210238417026e-06,-1.2335993048561571e-06,1.1160252477996662e-07,-1.6409458660421799e-06,1.1531236147801202e-06,4.5211255638765325e-08,-1.6624041022858611e-06,-3.352038656406887e-07,-5.45509937908165e-07,-5.02853870261302e-07,-5.955797350388242e-08,-1.1971401187863161e-07,9.068434936402123e-07,-1.0959766341693792e-06,1.3959962249680728e-07,3.177981101933124e-07,-2.0075010747806875e-06,-1.304501010918833e-06,7.424986611903701e-07,1.1553841272973667e-06,-1.4986985342611542e-06,-1.6415730426408883e-07,6.656432458842577e-07,2.7352448179230925e-07,-2.583723084610186e-07,-4.505200867157429e-07,-1.4162164428408121e-06,-4.2317142251001793e-07,3.9700923618066664e-07,-4.304074955353325e-07,1.6944554007919244e-07,1.9588795575857638e-07,9.852225834816566e-07,-6.026894793476784e-07,4.6354299541911925e-07,1.1305394638940777e-06,-1.0538285661954694e-06,1.0407273675742057e-06,3.397886940880533e-07,1.6098948405942777e-07,1.4012143680833913e-06,7.20168149190849e-07,-4.56270766231168e-07,1.286004239955099e-07,1.8790494580305132e-07,-1.6935517195934367e-07,4.1939551565360594e-08,8.353562856468204e-07,1.1329186989814465e-06,-9.28877305197696e-08,-1.094942155315668e-06,5.196859790393292e-07,4.898392543956064e-07,8.691690178315329e-07,-8.956040732822625e-07,3.838259924493098e-09,8.499936211920968e-07,2.239825852980883e-07,-1.1202317239858588e-06,1.2216700130788078e-06,-8.008505755362144e-07,-1.1619931998360963e-06,-5.0822108497585096e-08,4.591288705077809e-08,-2.532706552832479e-07,-8.442244353384086e-07,-4.5657204392115894e-07,6.184540702272875e-07,-1.490042533527795e-06,9.470220612509246e-07,-2.9902320050514875e-07
1 3,4.944126238461475e-05,-0.00010192145929209599,2.7254010559931155e-06,-0.00010262795578065805,1.2238480267001678e-06,1.9634070864873326e-06,-5.893162268958411e-07,-3.904445511087748e-07,8.526263778515198e-07,1.2874025719891164e-06,-2.3650353831468644e-06,1.8300659272513223e-06,-4.294905057164425e-07,5.484009190211902e-07,-3.776755289593426e-06,0.00021096610281101037,2.3323696090186825e-07,-2.203897360556047e-06,1.2058009276985436e-08,-1.5079483704463463e-06,-4.366309604031622e-07,3.141489925231149e-07,1.6276911177901646e-06,-1.580484721222526e-06,1.935939340117801e-06,-6.018574046277232e-07,-1.863577690324571e-07,-1.935462544427896e-06,-1.2494405841430426e-06,7.806460759359995e-07,1.1558972550135755e-06,-1.5206544679508087e-06,-1.623973557954503e-07,6.052052655414591e-07,2.5853597966714036e-07,-3.064913120287138e-07,-4.2179614165674356e-07,-1.710229572189052e-06,-3.7934249380516495e-07,-5.207413836192151e-07,-4.4075169641953567e-07,7.417582537129873e-08,-1.3533607273841776e-07,8.381222360745062e-07,-1.2365318279043045e-06,1.94990519538297e-07,2.2993637956620865e-07,1.3969826070894094e-06,-4.3154272193312133e-07,4.427660108774502e-07,8.720307101583029e-07,-6.471914468683732e-07,-2.26072027005041e-07,9.006342053146855e-07,-6.482891530074016e-08,-1.2850897988192433e-06,2.8060188305676313e-07,-2.610689742572545e-07,-1.1384233817418526e-07,-3.6289718063348275e-07,3.674682628371513e-07,2.813499395389902e-07,-1.6041573928009214e-06,7.218445334067538e-08,-5.369707275751235e-08,-4.5197174878613205e-07,1.1414505942841821e-08,1.572763244205726e-06,-2.790576686740177e-07,-7.241766468575174e-07,3.1227016335176864e-07,2.313082892130813e-07,-1.057346361409477e-06,8.34519512956125e-07,-4.704593049463946e-07,1.2077433103326996e-06,1.2271650286959713e-06,-9.952505217310962e-07,7.047753317800075e-08,4.89306499938663e-07,3.286432643860408e-07,-5.891822956798416e-07,-5.28482501076394e-07,-2.3908638762492294e-07,4.612366984616139e-07,3.6514950187618417e-07,-1.6176468129964778e-07,-1.3920986928660944e-07,1.192745597646833e-07,-1.2243811880362122e-06,-8.908561741371e-07,1.8225702393670337e-07
1 4,5.119972515412814e-05,-0.0001048035151781183,1.9619872025665235e-07,3.363399792852971e-07,-0.0001036830783867321,-1.8613797222029101e-06,1.5608275286165028e-06,-1.0422716972722564e-06,1.5492049755733059e-06,1.4036602372924892e-07,8.423734433365992e-09,9.908705239820051e-07,2.4221478865328523e-06,-2.8803101762205568e-08,1.95174962422871e-06,2.3323696090186825e-07,0.00021105763546694573,5.271614439263364e-07,-3.971789131700432e-07,-8.395465400435573e-07,-6.381257381807249e-07,-1.2022809591283915e-06,-1.3306225306627232e-06,-6.331142091925243e-07,-4.091605632118172e-06,1.3734759113874378e-07,-1.9138951728655278e-06,-1.5936365918806596e-07,-1.368383504581697e-06,-4.0623072387502276e-07,4.4199228166391725e-07,-4.536658683403751e-07,1.7664451866274002e-07,2.0381191313944423e-07,9.823336089037882e-07,-5.93954338811755e-07,4.831398541673011e-07,9.362349769354327e-08,1.411812558791383e-06,-4.307566074555504e-07,4.314278489888584e-07,8.800819218608005e-07,-6.626195587736196e-07,-2.3717135359539164e-07,9.221007651499123e-07,-8.081107250729557e-08,-1.3090318827659631e-06,-5.014639414812314e-07,-4.629472970287911e-07,-4.7403227545461376e-07,4.7476909852740305e-08,-1.1643869544203768e-07,9.858342126708573e-07,-1.1455246352156666e-06,2.2777929061646606e-07,3.164732269169494e-07,2.3211170271033505e-07,1.677985574195433e-06,-8.03318133638957e-07,1.158512802355764e-06,5.323709651528471e-07,-3.0017766687524135e-07,3.7267924837883273e-07,1.6504269325430743e-06,7.339003008282661e-07,-5.048929753552129e-07,-8.005848606814719e-07,-8.736168288658086e-07,-9.55960159546536e-07,2.0483980940202235e-07,4.42138601118518e-07,6.188777782023756e-07,6.419451369034692e-07,-1.1508407170064043e-07,-5.625455820081856e-07,-1.676122422820495e-07,3.2879267875934894e-07,-3.0057022391281777e-07,-4.957406888600105e-07,-6.335836638560727e-07,8.450038373357276e-08,-1.5807882516104787e-06,1.1184182046177218e-06,1.9903263055088308e-07,-4.6620902385367246e-07,6.460808764053147e-08,-4.1036994887522603e-07,-9.115143793124533e-07,-3.662206858825842e-08,8.459614161193477e-07,-6.226382092400989e-08,-1.1207244285173101e-06
1 5,5.247009215197583e-05,-0.00010457308534365535,-1.4051436097772063e-06,1.7314350334499312e-06,-1.2253320644338289e-06,-0.00010288578009834974,-9.63570224103775e-07,-3.1476319104755214e-07,-8.940819882190734e-07,5.27102437824218e-08,-7.503824598925017e-07,1.9683365798572332e-07,2.1237874728583914e-06,-1.8056675426534922e-06,1.4630323531558163e-06,-2.203897360556047e-06,5.271614439263364e-07,0.00021090522657543986,2.481905790885543e-07,3.0010807325805584e-07,-1.3396856148971707e-07,-9.866049566340215e-07,-1.4946879625663377e-06,-5.071983906779404e-07,-1.3419944122777712e-06,4.28528956839781e-07,-1.235871493839345e-06,-1.3800679002708013e-06,-1.6133562361410412e-07,1.128321138702195e-06,-1.0894489712067173e-06,1.06865047413414e-06,3.698718450376956e-07,2.2697860462285382e-07,1.4141803882396398e-06,7.779539973112129e-07,-4.4650807037740795e-07,1.3708806512235043e-06,1.2532031272167234e-07,2.6613120389066757e-07,-2.6132343874223823e-07,-1.51721571069117e-07,-3.4152428088417075e-07,3.8817134283752496e-07,2.351239614349344e-07,-1.6443746128005943e-06,7.186855231375958e-08,-1.7956359239022963e-06,2.2966522614400715e-07,1.7025720775952857e-06,-8.132471570675974e-07,1.1598176293670552e-06,5.524011715675872e-07,-2.5294722776446566e-07,3.677958403793682e-07,1.6661832205663541e-06,-5.035171348300674e-07,-4.157867457173988e-07,1.1788660915004325e-08,-1.2875147328252877e-07,8.793116183621419e-07,-1.1461321163864265e-06,2.228565666349628e-07,2.278244031064722e-07,-1.2737224290322577e-06,-1.8118682697431148e-07,2.3128433420690346e-07,2.3680715223997564e-07,5.662922815780607e-07,-1.3458823347315926e-07,7.711745482518016e-07,8.312447014669062e-07,-1.9485733988566185e-07,-1.8803478587607706e-07,4.188183498008543e-07,-6.575247745712225e-07,-1.373647131463435e-08,1.1526979376245113e-06,3.565254890276815e-07,-2.755734532022426e-07,2.871999576473437e-07,1.9292312964727688e-07,9.047514579259822e-07,-9.97356019439031e-07,-1.4532530672021578e-06,8.264518071706727e-07,9.296632773805116e-08,-5.763182861344491e-07,-2.9571757714112914e-07,2.419771055510146e-07,2.499370675927784e-07,8.148610936460072e-08
