,1,1,2,3,5,6,7,8,9,10,11,12,13
1,0.00024962916978113286,-3.733409317419376e-05,-3.768064617918289e-05,-3.7959788424862574e-05,-3.996862144361649e-05,-3.812504392612727e-05,-3.909788348409916e-05,-3.7955652123915704e-05,-3.688460116065173e-05,-3.7753607706026325e-05,-4.035160341720672e-05,-3.806232621976511e-05,-3.829436739931527e-05
1,-3.733409317419376e-05,7.613752680768324e-05,-1.6214602876319256e-07,4.3873569120953854e-08,1.522244775150799e-07,-2.0027276616095736e-07,7.513857416193864e-08,-2.4253069934725067e-07,5.7098603994622835e-09,-1.987818107429449e-07,-3.241261072231323e-07,-2.0358742711517657e-07,-1.6323093640162922e-07
2,-3.768064617918289e-05,-1.6214602876319256e-07,7.615949247601967e-05,-7.286544556650989e-07,2.0766127110367066e-07,8.752785872282225e-09,1.2690280338915723e-07,4.560371510834895e-07,-6.174652076869954e-07,-5.611622778469409e-07,1.3392215613698234e-07,-4.7516035584541156e-07,2.8193616125035e-07
3,-3.7959788424862574e-05,4.3873569120953854e-08,-7.286544556650989e-07,7.61541442740076e-05,8.019072144947529e-07,3.444618348747619e-08,-2.3248422348068452e-07,-1.6746750618620183e-07,2.44540359820495e-07,1.230605139265292e-07,3.2487910005418814e-07,-3.7963089183035494e-08,-1.6164688165107104e-07
5,-3.996862144361649e-05,1.522244775150799e-07,2.0766127110367066e-07,8.019072144947529e-07,7.619325968853986e-05,-7.104587053531865e-08,6.232664414354996e-07,2.104531343069093e-07,-3.834201069910044e-07,-1.5570876415847505e-07,1.7507814526147158e-06,-1.4069320378023275e-07,1.9881263719346156e-07
6,-3.812504392612727e-05,-2.0027276616095736e-07,8.752785872282225e-09,3.444618348747619e-08,-7.104587053531865e-08,7.614200637545139e-05,5.628673732021113e-07,5.832297916719314e-09,-8.519817121020288e-08,-1.9431820139441377e-07,8.74932408689587e-09,-4.3778463105988715e-07,7.647341572312228e-08
7,-3.909788348409916e-05,7.513857416193864e-08,1.2690280338915723e-07,-2.3248422348068452e-07,6.232664414354996e-07,5.628673732021113e-07,7.615732854944984e-05,4.803449650568378e-08,-2.1500273514450766e-07,3.191040027420756e-07,9.415971478643419e-07,-1.588674813841537e-07,-2.781168195642667e-07
8,-3.7955652123915704e-05,-2.4253069934725067e-07,4.560371510834895e-07,-1.6746750618620183e-07,2.104531343069093e-07,5.832297916719314e-09,4.803449650568378e-08,7.614674726831212e-05,-6.924936188250142e-07,-8.237643910580273e-08,1.3703210567030343e-07,-3.209055010107167e-07,-3.739954371506791e-08
9,-3.688460116065173e-05,5.7098603994622835e-09,-6.174652076869954e-07,2.44540359820495e-07,-3.834201069910044e-07,-8.519817121020288e-08,-2.1500273514450766e-07,-6.924936188250142e-07,7.615534545674659e-05,2.438400915660908e-07,-6.978312649097073e-07,2.3745159467241497e-07,-1.2265885761731306e-07
10,-3.7753607706026325e-05,-1.987818107429449e-07,-5.611622778469409e-07,1.230605139265292e-07,-1.5570876415847505e-07,-1.9431820139441377e-07,3.191040027420756e-07,-8.237643910580273e-08,2.438400915660908e-07,7.614313840948477e-05,7.80738756559273e-08,-4.333329139363064e-07,-6.385767729180434e-09
11,-4.035160341720672e-05,-3.241261072231323e-07,1.3392215613698234e-07,3.2487910005418814e-07,1.7507814526147158e-06,8.74932408689587e-09,9.415971478643419e-07,1.3703210567030343e-07,-6.978312649097073e-07,7.80738756559273e-08,7.62219032119469e-05,8.063686422105897e-07,5.001845583573933e-08
12,-3.806232621976511e-05,-2.0358742711517657e-07,-4.7516035584541156e-07,-3.7963089183035494e-08,-1.4069320378023275e-07,-4.3778463105988715e-07,-1.588674813841537e-07,-3.209055010107167e-07,2.3745159467241497e-07,-4.333329139363064e-07,8.063686422105897e-07,7.616027904711849e-05,4.820326279578581e-07
13,-3.829436739931527e-05,-1.6323093640162922e-07,2.8193616125035e-07,-1.6164688165107104e-07,1.9881263719346156e-07,7.647341572312228e-08,-2.781168195642667e-07,-3.739954371506791e-08,-1.2265885761731306e-07,-6.385767729180434e-09,5.001845583573933e-08,4.820326279578581e-07,7.613875187207284e-05
