,1,1,2,3,4,5,6,7,8,9,10,11,12,13,1 2,1 3,1 4,1 5,1 6,1 7,1 8,1 9,1 10,1 11,1 12,1 13,2 3,2 4,2 5,2 6,2 7,2 8,2 9,2 10,2 11,2 12,2 13,3 4,3 5,3 6,3 7,3 8,3 9,3 10,3 11,3 12,3 13,4 5,4 6,4 7,4 8,4 9,4 10,4 11,4 12,4 13,5 6,5 7,5 8,5 9,5 10,5 11,5 12,5 13,6 7,6 8,6 9,6 10,6 11,6 12,6 13,7 8,7 9,7 10,7 11,7 12,7 13,8 9,8 10,8 11,8 12,8 13,9 10,9 11,9 12,9 13,10 11,10 12,10 13,11 12,11 13,12 13
1,0.001145278035728236,-0.0003179958582299412,-0.0003206712420628219,-0.0003115085743829025,-0.00031725021292827206,-0.0003274084193633093,-0.0003344824757047402,-0.00032451015076148784,-0.0003266040369973308,-0.00032153224307717896,-0.0003257800271260445,-0.00032591349761558014,-0.00031877813314686563,-0.0003301938833703546,4.990395696488537e-05,4.771593828852896e-05,4.941303696574411e-05,5.0639072676594954e-05,5.024842196801644e-05,4.964084213735935e-05,4.793344868450553e-05,4.63267278995894e-05,4.8382856510950535e-05,5.0010383679447436e-05,4.541238689913272e-05,4.9900427651688916e-05,4.8441788066075585e-05,4.951708363283747e-05,4.88323106375975e-05,5.2282993408976484e-05,4.975829743445373e-05,4.669759580760687e-05,5.0723527923710276e-05,5.025112834742974e-05,4.9631737089883303e-05,4.7271550939381805e-05,4.9409371062599274e-05,4.695649788330182e-05,4.8430689130578965e-05,4.9604310200023764e-05,4.6180136717493834e-05,4.966138375599035e-05,4.7269284830797346e-05,5.023924557204719e-05,4.579437979099963e-05,4.512204996239579e-05,4.867844198766733e-05,4.694404446634937e-05,5.184312480731101e-05,4.8808528790207874e-05,5.05121070817649e-05,4.962621011648463e-05,4.8504748991153904e-05,4.728050654150542e-05,4.809709944957739e-05,4.9787377700577245e-05,5.173398428667738e-05,5.0823243465561227e-05,5.090783939941006e-05,5.099810267660661e-05,5.250251341237572e-05,5.01438732409995e-05,5.207816431062926e-05,5.1704896114763616e-05,4.985667770753758e-05,4.9743009875614433e-05,5.095238792861516e-05,5.206891514628182e-05,5.341114718962414e-05,5.084784048042883e-05,5.2637715083725175e-05,5.203003887354233e-05,4.935142189603261e-05,4.9538192830900924e-05,5.057460594317425e-05,4.9454266282095865e-05,5.088873985566059e-05,4.97199646032127e-05,4.946428095941934e-05,5.084999386983497e-05,5.10545240836103e-05,5.2008822028798405e-05,4.8229643305478876e-05,5.182845048544118e-05,4.825663387945655e-05,4.908591319923576e-05,4.894593383350316e-05,4.9013899439038683e-05,5.1512081398181134e-05,5.042142798316925e-05,5.2611463395691165e-05,4.895647091392025e-05
1,-0.0003179958582299412,0.0006578841032861307,4.99849917804621e-05,4.78880607464526e-05,4.494377035615942e-05,5.1078258615651e-05,4.880627409038435e-05,4.864323270363042e-05,4.624205159402045e-05,4.4458220669848775e-05,5.06288547835227e-05,4.68316985325912e-05,4.375000661879088e-05,5.0496989003433713e-05,-0.00010158114729139932,-9.836476310062494e-05,-0.00010114624549344358,-0.00010092385684010506,-0.00010362034628795017,-0.00010153182588410671,-0.0001016688431849578,-9.827194775096916e-05,-9.994935270410361e-05,-0.00010244409090128692,-9.752172367468183e-05,-0.00010278034284533585,7.981588542693014e-07,1.936700971364213e-06,-5.188330227357622e-07,-1.2765691501823119e-06,-1.949073377259314e-07,2.145115175903011e-06,-3.888572875060457e-08,-5.131986156672478e-07,-7.905116378689256e-07,8.844103629453602e-07,-7.140622385584911e-07,1.2790552439753952e-06,8.001014333143691e-07,-6.000358411847229e-07,-1.1713830304735043e-06,5.864583837151996e-07,1.2972115664524567e-06,-1.6327197224682364e-06,9.519904862264698e-07,4.0853617921009e-07,2.357118105293878e-07,-7.412225332812685e-07,2.1828519167605805e-06,-5.805174432275712e-07,2.0801311490589743e-06,4.028841225256178e-07,2.0804140809657422e-07,1.5241114112016099e-06,1.249882813094819e-06,8.109530197867334e-07,-6.864077069667949e-07,-1.5709489307072444e-09,-7.42113641098212e-07,-2.2546795925841504e-07,-1.203186840258605e-06,2.366703016709008e-07,1.708080658125266e-06,-1.371886861470387e-06,9.58076127553263e-07,1.567350929755945e-06,1.8393218866970957e-06,-9.39509942185585e-07,6.467484948311491e-07,1.7135462557481094e-07,-5.639734366627129e-07,3.5209208443416226e-07,7.452736705954767e-07,-1.1308771008378954e-06,1.5207547147894148e-06,1.114131888687432e-06,-5.275082373028445e-08,-3.751175101385845e-07,-3.7527685367735137e-07,8.29853644420187e-07,-1.6478681988966612e-06,2.0673292626997807e-06,6.03313717841919e-07,6.289700836614949e-07,6.237330918900207e-07,9.85013036259661e-07,8.94633190710109e-07,2.1262122157731116e-06,-8.500171849193764e-07,3.6994046238517783e-07,-8.731544541410747e-08,3.735343260917073e-07
2,-0.0003206712420628219,4.99849917804621e-05,0.0006558278434039235,3.6882850251182574e-05,5.499558879990333e-05,5.188485922517407e-05,5.386126011787979e-05,4.731287676400773e-05,4.3159439831866286e-05,4.6790230093530855e-05,4.67307518146671e-05,4.888326867078687e-05,4.089033876638622e-05,5.081084049882849e-05,-9.929206955045449e-05,2.630294258823919e-06,1.8935208318968831e-07,-1.3561090986931205e-06,-1.6685682309808038e-06,-1.7732947225233819e-07,1.9978862974177208e-06,7.438935539902579e-07,5.46094664242528e-07,-1.4256106021643927e-06,1.7660701718287993e-06,-1.0615922989576721e-06,-0.00010023300858419764,-9.942616050383859e-05,-0.00010009753604549929,-0.00010324020572386022,-0.0001016913415807581,-0.00010161706102406125,-9.900781229200427e-05,-0.00010100688528796261,-0.0001019025036216032,-9.846780341086062e-05,-0.00010239730502532468,7.956038011006459e-07,7.083456460284195e-07,6.749682669047159e-07,4.445858360470835e-06,4.0096818076665434e-06,2.2901520028615552e-07,1.3218681585746302e-06,4.015511202585187e-06,3.486491773805304e-06,2.100585560803287e-06,-1.5167533323736224e-06,-2.565702688306067e-06,-2.3253561386302706e-06,1.7538792756126754e-07,-3.0068475596715673e-07,-1.3773106610079868e-06,-6.536026195652947e-07,-4.342494510446398e-07,-1.0578609648302288e-06,-5.679037402479372e-07,4.561278104487402e-07,1.1160911646279199e-07,-2.7988657303871826e-07,-7.704515087475727e-07,-4.594598539560734e-07,1.33231758489412e-06,-1.498574395443929e-06,6.283979153794487e-07,3.006005732680381e-08,1.0281430389770381e-06,3.670633619094686e-07,-5.59539432463863e-07,9.027498614817966e-07,-7.393758152200691e-07,3.1572957829866047e-07,-2.2324571042333877e-07,2.1593132957782525e-06,2.7352730132663903e-07,1.2352625696988154e-06,1.4500448517267058e-06,6.22876361658024e-07,2.3969589251678824e-06,8.055663065234173e-07,1.4036259742665492e-06,1.981572266737586e-06,7.224109652057253e-07,4.991231643023256e-07,1.5398725393393113e-06,1.0146885403851301e-06,1.130795572166715e-06,2.6328548915880435e-06,1.835537863964229e-07,1.3583490986889304e-06,-7.418218502013253e-07,6.405980571573019e-07
3,-0.0003115085743829025,4.78880607464526e-05,3.6882850251182574e-05,0.0006598629398007555,4.604021062907652e-05,4.154379218765953e-05,4.913096507020547e-05,3.858166772051418e-05,4.8896768906228964e-05,4.805032888522522e-05,5.7203823897280716e-05,3.7402876317989695e-05,4.886981214960169e-05,4.572876176368318e-05,2.5508812899106373e-06,-9.904660537615268e-05,3.2460291104007975e-07,1.6710141129487615e-06,-8.241972843239405e-07,-6.239238480569319e-07,7.167367335742998e-07,1.0590226105837182e-06,-1.923277956382802e-06,1.0817691954164706e-06,-3.231115820152405e-07,6.557609942970121e-07,-0.00010373155351337715,1.8268081588641826e-06,2.590869905882527e-06,7.571977725036569e-07,4.983201870688888e-06,4.31804087735586e-06,-9.36547746623182e-07,-2.999399958749831e-07,5.095257256197184e-06,1.6291788884838264e-06,2.9646580721334976e-06,-0.00010078615131129736,-0.00010232246035311752,-0.00010339322228415032,-0.00010234118854711434,-0.00010196732337069098,-9.784581282517447e-05,-9.92781298054982e-05,-0.0001031008015716592,-9.662168258525696e-05,-0.0001033188599636951,2.5042838326990954e-06,1.4567227216747017e-06,3.076944283989712e-06,-4.0238219126585727e-07,-2.085813948920415e-06,-3.6175083103424427e-06,4.161075812000586e-06,-3.3721855811678834e-06,1.081627214101444e-06,2.0974594201099284e-06,2.619337766161705e-06,-1.7774680457525678e-07,-3.3780167026982624e-08,-3.2869993026302364e-06,4.934756754008391e-06,-5.324695212900149e-07,3.0361540530782836e-06,1.1530892416395603e-06,-4.179209723334626e-07,1.6898501053465587e-06,-2.3937551218883233e-06,2.0208346835138034e-07,-3.963094261423705e-07,1.6251262399280748e-06,8.811338339378598e-07,1.299507407432213e-06,2.52032584495594e-07,4.271125365283301e-06,1.0133496800157018e-06,1.5180286288563965e-06,4.824649335298756e-07,-1.1585095973766855e-06,1.8751311287306986e-06,-4.984983805596081e-07,-8.452673725913865e-07,4.001317503971501e-07,-1.0556081339024618e-06,-7.335092785064596e-07,9.106160536710588e-07,-1.026490269309174e-06,1.3711782421686931e-06,-1.002721759497979e-06,1.5655731436432474e-06,1.8447206190314586e-06,-1.2864861662104955e-07
4,-0.00031725021292827206,4.494377035615942e-05,5.499558879990333e-05,4.604021062907652e-05,0.0006576439825651597,4.5647218896667806e-05,5.139253538855926e-05,4.5066451141272436e-05,4.876344728318758e-05,4.740203963937708e-05,4.36511346008469e-05,4.258431153374464e-05,3.618601510417603e-05,4.927645485601423e-05,1.018798877624167e-06,1.1811400862356477e-06,-0.00010006490795844936,-1.1825723363340848e-06,2.151815845731009e-06,-3.834973950831304e-07,2.3375099822351305e-06,8.330041575642355e-07,1.3530476080788638e-06,1.2681786237892082e-06,3.276600984267279e-06,9.236223329990598e-07,-1.1803562247421417e-06,-0.00010060504904930923,-9.517662855236126e-07,-2.254677295710444e-06,-2.2070487893726954e-06,5.833028881538171e-07,-6.531960953096447e-07,-1.3433641075086476e-06,-3.0182743981140375e-07,7.168952315330104e-07,-5.645084478581796e-07,-9.840596798233488e-05,1.009744782862841e-06,1.5852149290514038e-06,2.657030001974954e-06,-2.591904666259246e-07,-1.3815094224159854e-06,-1.933522165503403e-06,3.4168238449600082e-06,-2.7985090594654043e-07,6.678356736837589e-07,-0.00010058149939755128,-0.00010375248716087699,-0.00010192790686150416,-0.00010210225009509321,-9.891609385086802e-05,-0.00010121781803421634,-0.00010234417661544924,-9.96821756798984e-05,-0.00010301984936636203,-1.1970900288648418e-06,-7.12082489001775e-07,1.8019844527584115e-06,2.7629821538700055e-07,3.2106446003071264e-07,4.877288417550021e-06,7.657628547160051e-07,2.869349040574727e-07,7.285398450338393e-07,-2.716941620239462e-07,7.794106236265248e-07,3.19798973467028e-06,-7.876618514097126e-07,1.714974512020579e-06,-5.489214436545919e-07,-1.906579563597878e-06,2.307479127743894e-06,3.4047619895797535e-06,1.3321281054822935e-06,5.357429001473506e-06,8.197122197129236e-07,-5.973362607072504e-07,3.2139323683516304e-06,-4.4553958176035127e-07,2.466656079120418e-06,4.993402047875147e-07,1.7391862849950998e-06,-4.1960572659213817e-07,3.3608438678642706e-06,3.001883344246823e-07,2.3590009884920863e-06,3.196448717349627e-06,7.585997751911608e-07,2.630719885886459e-06,3.0382743061358606e-08,4.097057279716751e-06
5,-0.0003274084193633093,5.1078258615651e-05,5.188485922517407e-05,4.154379218765953e-05,4.5647218896667806e-05,0.0006565596368705008,5.306162781361865e-05,5.2655992426672264e-05,5.095658681514931e-05,5.040250383680796e-05,5.110533849239487e-05,4.827585991206837e-05,5.1986718326619093e-05,5.3704261179800294e-05,-1.1372463353148152e-06,1.8948911669222139e-06,-1.7964241945365794e-06,-9.929543254275203e-05,-1.064303341069917e-06,-4.034547215667334e-07,-6.402758898824615e-07,1.656014297240225e-07,-2.2053436582711633e-08,-1.7456691396383903e-07,2.332236768899565e-06,-1.4337433686372577e-06,-2.449603653306641e-08,-7.379159089217798e-07,-0.00010073544737121775,-4.5328624578019547e-07,-1.8525999875184395e-08,2.3317177347906314e-07,-7.286149000128198e-07,-6.94938092644945e-07,-1.910390432936944e-07,1.1174941229779967e-06,-1.20221648864836e-06,2.276372293575264e-06,-9.96778273219231e-05,1.922748487280854e-06,1.5861648954359153e-06,-2.281126002678507e-07,5.958595922188892e-07,-1.4772052539947046e-06,4.232584897329218e-06,1.167532422529646e-06,2.4656637952826706e-06,-0.00010020994571016963,-1.5834509200647476e-06,-1.353221890685358e-06,1.5319128626053473e-06,1.5165169910402246e-07,4.6341788653816917e-07,4.905065516906468e-06,-5.7289599733513e-07,1.7741945001675622e-07,-0.00010315106329412011,-0.00010117695342708565,-0.00010174461411017942,-9.862780678856928e-05,-0.0001010645351048769,-0.00010236056102054908,-9.822479252898722e-05,-0.00010272458296277807,1.296946857612445e-06,2.2668866957296744e-06,-1.5876357018676388e-06,-1.2785681679802718e-06,-9.770682332551882e-07,-9.54212619600471e-08,-2.9575358007226933e-07,-1.3901092940585593e-06,-3.808927007367668e-07,2.6992256802222304e-07,-1.591688850407765e-06,1.0016329029189617e-07,-1.2797401840942933e-07,1.951790718430661e-06,-7.762832633569443e-07,8.567871387548416e-07,-1.617610292614905e-06,-9.217083430431554e-07,2.537890234943626e-07,-3.9118405737695215e-07,-1.3966592691845603e-06,-2.7905481396897294e-08,1.7763533544145392e-06,4.251582500488276e-07,1.7649514624642448e-07,-3.781153440368521e-06,-9.641090756039898e-07,-1.034545516275413e-06
6,-0.0003344824757047402,4.880627409038435e-05,5.386126011787979e-05,4.913096507020547e-05,5.139253538855926e-05,5.306162781361865e-05,0.0006535431309370185,5.593920249184789e-05,5.04939955053783e-05,5.140067198491045e-05,5.039509329410062e-05,5.5558058517348965e-05,5.0838420656191477e-05,5.561220209047416e-05,-1.5199303382702907e-06,-5.687511879498665e-07,1.506360202842999e-06,-9.299450526228309e-07,-9.92932137702179e-05,-5.756151540021171e-07,1.1759720398668863e-06,1.8665590066805387e-06,-5.0077476722301825e-08,2.7242399829627786e-09,4.608615084488083e-07,-9.087199425986091e-07,-1.1698466353685907e-06,-1.3700117611323311e-06,4.019011139843033e-08,-0.00010129059851703036,-8.989596171092858e-07,-2.8242438227137286e-07,2.0586839828744578e-07,1.6179361821288113e-07,-5.849804295674104e-07,2.8225126552145e-07,-5.932756717218115e-07,1.712204340414968e-06,1.0622334049404527e-06,-9.832755399043902e-05,-8.340139081463706e-07,-1.0167251258944523e-06,1.76837221148862e-06,-1.182693725139207e-06,-5.375516159366971e-07,6.633954441597964e-07,8.784372286862526e-07,-1.0834417778231285e-06,-0.00010053607814474137,-9.243981990682388e-07,-9.68910928446456e-07,2.0116374454414208e-07,2.9319615429336845e-06,-1.1930533249849049e-06,-4.4992516559480286e-08,-9.265797215778666e-07,-0.0001006013096265799,2.2483360542329226e-07,1.6406136591282672e-06,-1.9872215756655513e-06,-1.4879166912476147e-06,-1.3245742179816404e-06,-5.626726503844107e-07,-5.39240513038289e-07,-0.00010005169571396367,-0.00010125986034708512,-9.832789632037713e-05,-0.00010077602013602577,-0.00010182041453661011,-9.78490972963481e-05,-0.00010247150305687803,-3.8891663294698503e-07,-1.9820098708116255e-06,-5.765062603342033e-07,-1.408879070518047e-06,-1.992912489249724e-06,-1.2876127512718209e-06,-4.697930358017477e-08,1.6833866034338328e-06,5.220346976956558e-07,9.546211725380445e-08,-1.3532921432591019e-06,2.8367495269571995e-07,-2.2742281781878483e-06,-1.4363878340640654e-06,-9.606878755836452e-07,8.51382702064954e-07,-1.669147677561177e-06,-9.727238150814976e-07,-3.4483157157521074e-07,-1.2844546636309528e-06,6.217697855111417e-07
7,-0.00032451015076148784,4.864323270363042e-05,4.731287676400773e-05,3.858166772051418e-05,4.5066451141272436e-05,5.2655992426672264e-05,5.593920249184789e-05,0.0006560171525883372,5.817996544332994e-05,4.8267571898833036e-05,4.975981849754974e-05,5.226770332998337e-05,4.664293201585016e-05,4.789038975863383e-05,-3.8753372697394845e-08,-3.768194258647439e-07,-1.005900124475773e-06,-3.037790759201805e-07,-5.365819827958881e-07,-9.927877826234513e-05,-3.842681932943947e-07,9.117292064280215e-07,-7.706918567897679e-07,5.724443705507367e-07,1.7676847470004289e-06,4.5659448120315396e-07,3.4937140218809986e-06,-8.628126783192189e-07,1.0499425630187754e-06,-5.049003517594493e-07,-0.00010181463886126383,-4.6040434399837153e-07,-9.553998498994367e-07,1.446566181389492e-06,-7.831155499465102e-08,9.996471698501473e-07,2.4887940213589772e-06,3.64288040900102e-06,1.293055324197728e-06,-8.866289674978833e-08,-9.914731382327668e-05,-1.9539180133152065e-07,1.6995142375950066e-06,8.70525304460469e-07,3.2427328664405316e-06,2.50143429310295e-06,1.5925862659420303e-06,-7.841312063448837e-07,-8.01589849533718e-07,-0.00010087200611493971,-3.0329954623199674e-06,1.922050735591483e-06,2.7080950238482796e-06,6.780572801883011e-07,4.040370873636887e-06,1.400320159986406e-06,1.854868066147457e-07,-0.00010068489028614397,-2.34631478100601e-06,-5.403071226446454e-07,-4.049831639698234e-07,-2.2828396043065248e-06,1.3530637323906177e-07,5.072418334070833e-07,-0.00010198463087022886,-6.912093741613152e-07,-1.8680634688863545e-06,-1.1776179283777091e-06,-1.6433134628742296e-06,-1.6070436895036242e-06,-4.75002775302193e-07,-0.00010089024145757895,-9.850770057598736e-05,-0.00010027036657481173,-0.00010173309211254196,-9.838488492012921e-05,-0.00010336548254850653,-1.872955072903498e-06,-1.0390769560671286e-06,-1.3552819579543754e-06,-1.1748140906033075e-06,-1.0330489779804156e-06,4.766749656341006e-07,-1.881133577768113e-08,-3.219077184859232e-07,2.405407102724759e-06,3.1204724377679226e-07,-2.790905890703815e-07,-1.067434917035629e-06,-9.269605178661828e-07,7.288128599304146e-07,6.415399850933425e-07
8,-0.0003266040369973308,4.624205159402045e-05,4.3159439831866286e-05,4.8896768906228964e-05,4.876344728318758e-05,5.095658681514931e-05,5.04939955053783e-05,5.817996544332994e-05,0.0006554079578181621,4.704421776172342e-05,4.7292520833558e-05,5.3432384705851986e-05,5.184921868423687e-05,5.008872263019462e-05,1.8815679154810356e-06,8.228727517563385e-07,1.4951432355364176e-06,-8.628817088623172e-07,9.60949900817799e-07,-5.838101725095232e-07,-9.911227136902084e-05,1.7110426132560597e-07,2.9984979764233937e-07,-1.4703168572620426e-07,-1.3426561935856014e-06,2.604115241609598e-06,2.3929667437381354e-06,1.4943264523272227e-06,8.877628028456164e-07,-3.3530514532992486e-07,-7.401897972197014e-07,-0.00010147810667747963,2.332398996037713e-07,2.079125026049562e-06,4.558318055336485e-07,8.218097472344961e-07,3.071838207801667e-06,-6.701343498113759e-08,-1.074216167178268e-06,-7.179794719449156e-07,-6.942670775959168e-07,-9.859438208573294e-05,1.1853649542384205e-06,-9.747462214593014e-08,6.368132661279023e-07,7.153216764563776e-07,-7.974741063495645e-07,2.2471495312513247e-06,-8.640168358623608e-07,-3.1007758193096944e-06,-0.00010076065204958366,-6.052467937813722e-07,2.815047584976017e-06,-1.1274152938294156e-06,7.273835511133538e-07,9.814846181411645e-07,1.9211286405099094e-06,-2.116364590005846e-06,-0.00010085117218237223,2.022470036352599e-06,-1.1766678053563875e-06,1.0063924755656317e-07,-2.032113403119481e-06,-2.0412546621222356e-07,1.0327179361299396e-07,-0.00010285801239506247,3.7788818728592925e-07,1.4124927176092845e-06,1.501516859095014e-07,1.2582586672207472e-07,-4.945787464481047e-07,-0.00010057655333466697,-1.5724101178308846e-06,-6.311532559223397e-07,-1.5216847796831494e-06,-1.4690685907979229e-06,-1.1124659025375622e-06,-9.870188078001643e-05,-0.00010058189906773338,-0.00010146590137116731,-9.78391556935095e-05,-0.00010333084092562589,9.816996105105628e-07,-2.5399533412212345e-07,7.195535934928388e-07,-9.481285049174078e-08,3.756856333462868e-07,-1.6720632214282719e-06,5.476861863944119e-07,5.706009215004255e-07,-7.569156463803604e-07,-1.186303811324511e-06
9,-0.00032153224307717896,4.4458220669848775e-05,4.6790230093530855e-05,4.805032888522522e-05,4.740203963937708e-05,5.040250383680796e-05,5.140067198491045e-05,4.8267571898833036e-05,4.704421776172342e-05,0.000658732403516112,5.011296531729326e-05,5.345427988079385e-05,5.025880967339094e-05,4.8465545179539884e-05,7.50866019088458e-07,1.242476804084233e-06,1.3546774906288068e-07,5.087084386983647e-08,1.6865794992240008e-06,7.685916533354806e-07,1.7810114720836422e-07,-9.909607474048006e-05,6.821366991856255e-07,2.6283960882203547e-07,5.995298938055987e-07,1.1350811673091885e-06,-1.6683897474822901e-06,1.220063018140302e-06,1.019186445288469e-06,1.2553223022516798e-06,-2.749197650027438e-07,1.302848658892887e-06,-0.00010245049884792182,-3.0044134563455417e-07,8.145952129650427e-07,6.416691988440607e-07,1.539149980572252e-06,-1.3632273817598216e-06,-5.505797188115336e-07,1.6755778450308236e-06,8.428881370488902e-07,8.084858066460871e-07,-9.815464496080474e-05,8.426390542521566e-07,-1.6605123327218826e-06,9.510720134057708e-08,6.212894809104767e-07,1.0204901951016716e-06,5.85386584599256e-07,2.0776986010706637e-06,-3.663957744722198e-07,-0.00010092654390307228,8.00604180145496e-07,-5.852948753067786e-07,1.3230550572628987e-06,4.05951156213405e-07,-1.356486859426069e-06,4.363945385961612e-08,2.4761132529121208e-06,-0.00010134419962162973,-7.582029212776752e-07,-4.3724175209578727e-07,-2.2438921984629726e-06,9.048506424892255e-08,-5.083467001466741e-07,9.79734394867892e-07,-0.00010346997836849361,-5.43334785951276e-07,-1.9704867354353587e-06,-1.8403345521660076e-06,-5.51728625315714e-07,-5.475452059180502e-07,-0.00010155618926195905,3.2075657475103577e-07,4.0214816983412555e-07,-1.0812709002627837e-06,2.0042024294443226e-06,-0.00010223344020479702,4.359205149381695e-07,3.792128986680677e-07,2.8521652991600755e-07,-4.974764207139707e-07,-9.995065562223186e-05,-0.00010203892727699948,-9.753901328328305e-05,-0.00010289203021214556,-9.564027424993176e-08,-1.8318946305437225e-06,1.6896922290200742e-07,-1.3176446001931327e-06,-5.495664594347553e-07,6.770213454522822e-07
10,-0.0003257800271260445,5.06288547835227e-05,4.67307518146671e-05,5.7203823897280716e-05,4.36511346008469e-05,5.110533849239487e-05,5.039509329410062e-05,4.975981849754974e-05,4.7292520833558e-05,5.011296531729326e-05,0.0006567753521587683,4.6797851457978166e-05,4.971458280567631e-05,5.244875294513019e-05,3.939496844973001e-08,-2.2825040654208724e-06,8.129776081658604e-09,-7.241967826486388e-07,-7.172823813659634e-07,-1.4044843136583822e-06,-1.5973555424616452e-07,1.8401962201078782e-07,-9.864872864387697e-05,3.203305928113232e-07,2.261023379788676e-06,-7.603881701981098e-07,-1.3993010618378151e-06,3.310542307764378e-07,7.537921237204573e-07,9.085717003503049e-07,1.801182520368451e-06,2.789131321416346e-06,-6.486998762239326e-07,-0.00010224241951419893,1.4755445580325912e-06,1.7181009643554906e-06,6.612850120351041e-07,-2.85268288209681e-06,-3.571670360566571e-06,-1.9722313743896504e-06,-6.694281943865817e-07,-1.159482917354664e-06,2.822521465049889e-07,-9.745676423677011e-05,-1.5943195379091107e-06,2.2275990649564553e-06,-1.3074202125806214e-06,1.3360008780816292e-06,3.396143349795111e-06,2.8894249124944046e-06,3.1181232342532413e-06,8.668824092439305e-07,-0.00010106164217506752,2.3390697772500277e-06,1.1718282726727388e-06,7.545993201108171e-07,-6.881490418255769e-07,3.672150203678671e-07,-5.472716392174287e-07,-6.104444181134391e-07,-0.00010156459521588823,1.7795556603198762e-06,-2.1183582436733721e-07,3.6559304373062426e-07,5.77052866146511e-07,2.334490311440926e-06,-1.5534666324784675e-07,-0.00010388842461596625,1.0258787192595396e-06,-1.815225609356479e-06,-5.146672072669104e-07,-2.70632675621272e-08,-1.3539976289213226e-07,-0.00010124551955680322,6.807823538424111e-07,-7.355352125887724e-07,-1.5273655506691403e-06,1.28878512551587e-07,-0.00010194297035778925,9.197287130136819e-07,-1.9083363893712784e-06,1.6125180124328582e-07,-9.780610534503076e-05,-1.6533383990730462e-07,-1.7122249685134496e-06,1.1345622948705876e-07,-0.00010206165396947,-9.751738585023013e-05,-0.00010282388643373784,-4.879708726864384e-08,9.932308066942314e-08,-4.539473662814239e-07
11,-0.00032591349761558014,4.68316985325912e-05,4.888326867078687e-05,3.7402876317989695e-05,4.258431153374464e-05,4.827585991206837e-05,5.5558058517348965e-05,5.226770332998337e-05,5.3432384705851986e-05,5.345427988079385e-05,4.6797851457978166e-05,0.0006557052289510295,5.112664318312499e-05,5.49784946163502e-05,-9.93510542214499e-07,1.7662031395832057e-06,9.562926691969037e-07,1.8996486385175404e-07,3.9823479702157496e-07,1.0045978929414346e-06,4.1690788252735476e-07,8.136726082925393e-07,1.4867815925196497e-06,-9.962352591748354e-05,6.089521537255556e-07,-1.860953301896064e-07,2.999161816885633e-06,6.618693756784906e-07,5.329681526229561e-07,-4.676774250353259e-07,-3.9967164597748477e-07,3.742314056550205e-07,-2.763226654110981e-07,8.168064165965112e-07,-0.0001015062101844308,7.201634677197306e-07,-3.5081873132653386e-07,4.44207596686622e-06,3.942441271166111e-06,2.0692216766089097e-07,3.177117545767102e-06,1.2359140856629793e-06,-7.049455516266847e-07,6.455270651239142e-08,-9.923298386094186e-05,2.7252249180393825e-06,1.3196251159482682e-06,5.40552485900449e-06,-1.0667161889917745e-06,5.059462243656499e-07,-1.3156495575173324e-06,-8.031515797717864e-07,1.894497888177025e-06,-0.00010083408824304308,8.031003919510574e-07,-1.834717161625719e-08,-9.458878676264107e-07,-1.6982442254632712e-06,3.8484689206747487e-07,-7.331420758591608e-07,1.2493901451692658e-06,-0.00010133468439156914,-4.207209040799696e-06,-9.662402863632825e-07,-4.4180931864910027e-07,5.431803280797594e-07,-2.2275597126726264e-06,4.6287713667473476e-07,-0.00010322690064179246,-4.908568865269924e-07,-1.100664772226712e-06,-1.0321149440138312e-06,-8.734668530387503e-08,4.913630066864679e-07,-0.00010122323996568983,-1.4005394521731616e-06,8.26448209106071e-08,-6.014829091944433e-07,2.1173832971529165e-07,-0.00010133767460636478,5.149550319379722e-07,-1.3862037206669007e-06,3.3680497184840004e-07,-9.828360883655933e-05,-1.1169137237315836e-06,-8.318055959056477e-07,-0.00010039766602175022,2.2246466489560915e-08,-1.1696402424114232e-07,-9.777842183492287e-05,-0.0001027284749463009,-1.3473898710729022e-06
12,-0.00031877813314686563,4.375000661879088e-05,4.089033876638622e-05,4.886981214960169e-05,3.618601510417603e-05,5.1986718326619093e-05,5.0838420656191477e-05,4.664293201585016e-05,5.184921868423687e-05,5.025880967339094e-05,4.971458280567631e-05,5.112664318312499e-05,0.000659899773898941,5.108410753322943e-05,1.606582904495749e-06,-4.1450281562090724e-07,2.337623545701724e-06,2.0496748486016944e-06,1.7430053856923556e-07,1.5194166956242384e-06,-1.394580116626456e-06,4.7128361863159236e-07,2.5340014754775785e-06,-5.469568159672721e-08,-9.906313832542393e-05,8.469531710056108e-08,7.351067089622109e-07,2.575491842693949e-06,2.70278371763772e-06,1.23978458247285e-06,1.5264300716229242e-06,1.728775031971371e-06,5.364148968527738e-07,1.9690774157205928e-06,1.6528215889258098e-06,-0.00010244748871300347,7.459038229899624e-07,-1.236564825696445e-06,-9.489742591644678e-07,-2.6091487715793076e-07,8.372278860803016e-07,-4.3672445363470277e-07,-6.771924533177711e-07,2.077213905725439e-06,9.85199298144629e-07,-9.742569219754398e-05,-8.263610713725414e-07,1.666788885005727e-06,1.6795224809690078e-06,5.500449230447631e-06,2.283636028890199e-06,2.711792174670106e-06,2.650936937120862e-06,2.5275700866765505e-06,-0.00010234386722653842,3.7884916915707853e-06,2.1355317345356563e-07,8.731657623676283e-07,-1.4050421025931348e-06,-2.0707676724090222e-06,-2.7081012252426193e-07,-3.7837399473131265e-06,-0.00010154578954200155,-1.2121729266281862e-06,-5.565945435206904e-08,8.630245886668146e-07,-1.7553592419521614e-06,-2.098793710183554e-06,-1.7739941189037967e-07,-0.00010357588300366255,5.878767923029197e-07,-7.380670151866138e-08,-7.716846549268827e-07,-5.830292922394512e-09,-5.311554074842997e-07,-0.00010212254949212385,-2.3123864598166654e-07,-8.613914609417909e-09,-1.8502138249655687e-06,1.1395210182585878e-06,-0.00010194782470155906,-2.0909006214483504e-06,-1.509150447050148e-06,-1.4126850887262113e-06,-9.813590729564296e-05,2.3114269387734888e-07,-3.15832310311339e-08,-0.00010042554784453631,-8.759090745531973e-07,-0.00010208201811163082,-1.4764788643732624e-06,-0.00010255125049664551
13,-0.0003301938833703546,5.0496989003433713e-05,5.081084049882849e-05,4.572876176368318e-05,4.927645485601423e-05,5.3704261179800294e-05,5.561220209047416e-05,4.789038975863383e-05,5.008872263019462e-05,4.8465545179539884e-05,5.244875294513019e-05,5.49784946163502e-05,5.108410753322943e-05,0.0006539112087606628,-1.3110029669921077e-06,5.292636787027212e-07,-2.7797976020759928e-08,-1.742656171774145e-06,-1.2285037329254135e-06,1.2037533669357365e-07,2.4359779114098086e-06,9.80540076147222e-07,-4.181756155750339e-07,-8.977050835263301e-07,-1.457762885611891e-08,-9.898852582283759e-05,6.237521007319938e-07,-1.1689269233395548e-07,-1.00832159254397e-06,-1.0394721456147168e-06,1.6704418387217708e-06,2.5275276187426166e-06,2.788233832278537e-08,-4.7272481222306374e-07,-8.76247663493339e-07,-5.850243457687592e-07,-0.00010092601282020402,1.1845115181588897e-06,1.7558451648017096e-06,1.163525325482337e-06,1.1223703209365128e-06,-6.451800388365899e-07,1.0719360007125408e-06,-2.9957510869634026e-07,8.835350423719331e-07,3.764974862212383e-07,-9.864240183866763e-05,3.239393111324369e-07,-1.2294294309474257e-06,8.698257245326008e-07,5.476173847021911e-07,-2.856835873072482e-07,5.29780960751312e-08,-5.070142768259775e-07,1.6993493103622469e-06,-0.00010027211095939638,-6.093329947956131e-07,5.272156412499857e-07,-5.443325918543858e-07,-5.857539503804242e-07,-5.239325957858905e-07,-1.4382827741820444e-06,-2.1032621528152063e-06,-0.00010057101912358567,4.372076409956858e-07,-4.974248376466037e-07,-1.0674988813252871e-06,-1.4456253895626237e-06,-1.3904957946881224e-06,-6.078717176995575e-08,-0.00010289694990723704,1.485150897393198e-07,2.1277091043286386e-06,-9.505398817330958e-07,8.119931248172101e-07,-4.35801714057624e-07,-0.00010170242583348011,-6.574522958385755e-07,3.444766153769667e-07,-5.619301203962479e-07,-1.8637916557328755e-06,-0.00010202937010873151,4.917269204375578e-07,-9.549458126948907e-07,4.255910283437986e-07,-9.818183976886388e-05,-2.1397874379256246e-07,-1.006988201815138e-06,-0.00010029493823258807,-1.793913756822585e-06,-0.00010166608563781719,-9.71174117110775e-05
1 2,4.990395696488537e-05,-0.00010158114729139932,-9.929206955045449e-05,2.5508812899106373e-06,1.018798877624167e-06,-1.1372463353148152e-06,-1.5199303382702907e-06,-3.8753372697394845e-08,1.8815679154810356e-06,7.50866019088458e-07,3.939496844973001e-08,-9.93510542214499e-07,1.606582904495749e-06,-1.3110029669921077e-06,0.00020371531234051148,-3.644959971434586e-06,1.8836405086075833e-06,1.4119777309534852e-06,2.5372866499197056e-07,-5.611775264675653e-07,2.3049697627868413e-07,-1.8970278457423053e-06,-1.1905510794887297e-06,1.0770799385781916e-07,-1.5836826954331716e-06,1.112883704583879e-06,4.363354372354267e-08,-1.6043921156016743e-06,-3.23506443718247e-07,-5.264735825415572e-07,-4.853060598428973e-07,-5.747961219504449e-08,-1.1553641892547155e-07,8.751978831623748e-07,-1.0577309502107135e-06,1.3472809250583416e-07,3.0670808718901156e-07,-1.9374464319543536e-06,-1.2589785683485374e-06,7.165881004628223e-07,1.1150653332594234e-06,-1.4463992892739577e-06,-1.5842879858007027e-07,6.424146656229607e-07,2.639794508496425e-07,-2.4935603444112583e-07,-4.347985390874766e-07,-1.3667955292909488e-06,-4.084042459288101e-07,3.83155026791299e-07,-4.1538780575867893e-07,1.6353249378602426e-07,1.8905216326658634e-07,9.508418217190332e-07,-5.816577614864547e-07,4.4736699462555407e-07,1.0910876601869107e-06,-1.0170536998043885e-06,1.0044096863879246e-06,3.279312779701738e-07,1.5537152402629997e-07,1.3523169735502735e-06,6.950368438579348e-07,-4.4034854035444506e-07,1.241127268861548e-07,1.8134773194702762e-07,-1.6344527919193864e-07,4.0476010478325846e-08,8.062053243054353e-07,1.0933838684374128e-06,-8.96462793114697e-08,-1.0567325709872933e-06,5.01550787929939e-07,4.7274560775197965e-07,8.388381124761994e-07,-8.643506785738921e-07,3.7043183134708623e-09,8.203318689343652e-07,2.161663902237765e-07,-1.081139623716308e-06,1.1790380775381366e-06,-7.729037406720874e-07,-1.1214437726881983e-06,-4.9048597786579146e-08,4.4310690696377906e-08,-2.4443241080250816e-07,-8.147640071344753e-07,-4.406393045253007e-07,5.968722242504438e-07,-1.4380453521595416e-06,9.139743617587389e-07,-2.885883550291811e-07
1 3,4.771593828852896e-05,-9.836476310062494e-05,2.630294258823919e-06,-9.904660537615268e-05,1.1811400862356477e-06,1.8948911669222139e-06,-5.687511879498665e-07,-3.768194258647439e-07,8.228727517563385e-07,1.242476804084233e-06,-2.2825040654208724e-06,1.7662031395832057e-06,-4.1450281562090724e-07,5.292636787027212e-07,-3.644959971434586e-06,0.0002036041366499195,2.2509782105524826e-07,-2.1269891863292803e-06,1.16372276675967e-08,-1.4553263390963945e-06,-4.2139409385189313e-07,3.031863107383175e-07,1.5708904907215872e-06,-1.5253314293868952e-06,1.8683819471434448e-06,-5.808547232128773e-07,-1.798545461393349e-07,-1.8679217899262048e-06,-1.2058395545075147e-06,7.534043062002349e-07,1.1155605546445548e-06,-1.4675890390188711e-06,-1.5673026604934183e-07,5.840857556957395e-07,2.495139941046587e-07,-2.9579585603953504e-07,-4.070769574826992e-07,-1.6505486468157857e-06,-3.66104790848879e-07,-5.025693626461651e-07,-4.253710308469683e-07,7.158735305712947e-08,-1.3061332546006607e-07,8.088747529071947e-07,-1.1933812679193274e-06,1.8818604437642493e-07,2.2191241826145526e-07,1.3482328859541712e-06,-4.164834167954484e-07,4.273150528992339e-07,8.415999419255098e-07,-6.246067687228956e-07,-2.1818291785146624e-07,8.692052769005914e-07,-6.25666168824401e-08,-1.2402447384668436e-06,2.708098759983929e-07,-2.5195859619848944e-07,-1.0986964573606115e-07,-3.5023336057812385e-07,3.5464492828133674e-07,2.7153182797171853e-07,-1.5481780089780915e-06,6.966547282309453e-08,-5.182323602581439e-08,-4.3619954331806525e-07,1.1016180309590437e-08,1.5178794044372938e-06,-2.6931954920175614e-07,-6.989054592222541e-07,3.013730460183102e-07,2.2323645314426973e-07,-1.0204487364852378e-06,8.053977520035765e-07,-4.54041949565429e-07,1.1655973671528215e-06,1.1843413366669864e-06,-9.605198206129355e-07,6.801811809917927e-08,4.722314445295139e-07,3.171747840982484e-07,-5.68621930456645e-07,-5.10040342654676e-07,-2.307431236037407e-07,4.4514117922376955e-07,3.5240708382545195e-07,-1.5611966964175834e-07,-1.3435194029554304e-07,1.1511230212629276e-07,-1.1816546421385818e-06,-8.59768464211153e-07,1.7589690245289734e-07
1 4,4.941303696574411e-05,-0.00010114624549344358,1.8935208318968831e-07,3.2460291104007975e-07,-0.00010006490795844936,-1.7964241945365794e-06,1.506360202842999e-06,-1.005900124475773e-06,1.4951432355364176e-06,1.3546774906288068e-07,8.129776081658604e-09,9.562926691969037e-07,2.337623545701724e-06,-2.7797976020759928e-08,1.8836405086075833e-06,2.2509782105524826e-07,0.00020369247514192686,5.087653856975216e-07,-3.8331878265762563e-07,-8.102493537368147e-07,-6.158574210036469e-07,-1.1603256325650707e-06,-1.284188540019688e-06,-6.110207765411349e-07,-3.948823157555578e-06,1.3255464902720186e-07,-1.8471070428732257e-06,-1.5380243465664837e-07,-1.320631790339955e-06,-3.9205471738433795e-07,4.2656832408155593e-07,-4.378345441292259e-07,1.7048025363812486e-07,1.9669960273617562e-07,9.480536620720901e-07,-5.732274462669256e-07,4.6627999274851956e-07,9.035637082946935e-08,1.3625453251214496e-06,-4.157247349153683e-07,4.163725525081082e-07,8.493701949938013e-07,-6.394964944312007e-07,-2.2889491744624616e-07,8.899227301969181e-07,-7.799105368288222e-08,-1.2633513288935468e-06,-4.839646346305036e-07,-4.4679208398896166e-07,-4.574902361190905e-07,4.582013466889881e-08,-1.1237539937568446e-07,9.51432107226315e-07,-1.1055499023615052e-06,2.1983060403899287e-07,3.0542943762374254e-07,2.2401183036981284e-07,1.619429849595961e-06,-7.752851897790677e-07,1.1180848286932172e-06,5.137931131738798e-07,-2.8970253463169593e-07,3.596740689734778e-07,1.59283290645624e-06,7.082897922758461e-07,-4.872740074261927e-07,-7.72647298320098e-07,-8.4313071073511e-07,-9.226005522344683e-07,1.9769162907746603e-07,4.267095375079411e-07,5.972811463251753e-07,6.195435363041831e-07,-1.1106804718176473e-07,-5.429147432922358e-07,-1.6176317155730644e-07,3.173189844416928e-07,-2.900813928257689e-07,-4.784411031567437e-07,-6.114738489077115e-07,8.155162107759745e-08,-1.525624367644571e-06,1.079389389719815e-06,1.9208710010051905e-07,-4.499399881561196e-07,6.235349532164846e-08,-3.960494981635094e-07,-8.797057715483069e-07,-3.534408873223656e-08,8.16440373468063e-07,-6.009103517030321e-08,-1.0816151346131439e-06
1 5,5.0639072676594954e-05,-0.00010092385684010506,-1.3561090986931205e-06,1.6710141129487615e-06,-1.1825723363340848e-06,-9.929543254275203e-05,-9.299450526228309e-07,-3.037790759201805e-07,-8.628817088623172e-07,5.087084386983647e-08,-7.241967826486388e-07,1.8996486385175404e-07,2.0496748486016944e-06,-1.742656171774145e-06,1.4119777309534852e-06,-2.1269891863292803e-06,5.087653856975216e-07,0.00020354538477831228,2.3952961118705065e-07,2.89635369584067e-07,-1.292935354869812e-07,-9.521759549682376e-07,-1.4425286722576913e-06,-4.894989719591154e-07,-1.2951635834388247e-06,4.135748213778949e-07,-1.1927439771631104e-06,-1.3319084422041991e-06,-1.557055845424266e-07,1.0889467466492196e-06,-1.0514310794535378e-06,1.031358375907075e-06,3.569646340174158e-07,2.1905785913692136e-07,1.3648305257490521e-06,7.508061715383626e-07,-4.30926527840609e-07,1.3230417954512921e-06,1.2094707982187909e-07,2.568441720341393e-07,-2.5220418077858466e-07,-1.464270282149079e-07,-3.296062989640491e-07,3.7462554447182694e-07,2.2691897198553323e-07,-1.5869917911326051e-06,6.936059561772835e-08,-1.7329746208148987e-06,2.216507271286553e-07,1.6431583715303676e-06,-7.848677256273796e-07,1.1193441218856853e-06,5.331243366721222e-07,-2.441202697530549e-07,3.5496107453317667e-07,1.6080393561040357e-06,-4.859461788387673e-07,-4.0127726807423576e-07,1.1377278604839628e-08,-1.2425850509064015e-07,8.486267723457407e-07,-1.1061361846014271e-06,2.1507966560450086e-07,2.198741422636529e-07,-1.2292740494290273e-06,-1.7486405155566878e-07,2.2321333408255177e-07,2.2854342542194387e-07,5.465306963816022e-07,-1.298915831236099e-07,7.442633011231089e-07,8.022372197802982e-07,-1.880575122196812e-07,-1.8147304106360475e-07,4.0420307996463826e-07,-6.345795000651629e-07,-1.3257117353767346e-08,1.1124728820460187e-06,3.440840183325553e-07,-2.659569204496454e-07,2.771777012682676e-07,1.86190799034774e-07,8.731788520490296e-07,-9.625518439443162e-07,-1.402539707275193e-06,7.976115804371231e-07,8.972213376656022e-08,-5.562068290614588e-07,-2.853980861558733e-07,2.335329657622584e-07,2.4121515345821876e-07,7.864253415631928e-08
