,1,1,2,3,5,6,7,8,9,10,11,12,13,1 2,1 3,1 5,1 6,1 7,1 8,1 9,1 10,1 11,1 12,1 13,2 3,2 5,2 6,2 7,2 8,2 9,2 10,2 11,2 12,2 13,3 5,3 6,3 7,3 8,3 9,3 10,3 11,3 12,3 13,5 6,5 7,5 8,5 9,5 10,5 11,5 12,5 13,6 7,6 8,6 9,6 10,6 11,6 12,6 13,7 8,7 9,7 10,7 11,7 12,7 13,8 9,8 10,8 11,8 12,8 13,9 10,9 11,9 12,9 13,10 11,10 12,10 13,11 12,11 13,12 13
1,0.0009885468169395528,-0.00029363575150809777,-0.00028237770224901035,-0.0002937976060469648,-0.00031128584488279617,-0.0003001319737449859,-0.000302978215529719,-0.0002994250289756168,-0.00028734397763389123,-0.0003036609368904503,-0.0003122459524994836,-0.00029871204507004776,-0.0003044573602903103,4.959506825508553e-05,5.092537869400849e-05,5.0014097474306695e-05,5.0015632183566775e-05,4.7691207520706024e-05,5.058893962742243e-05,4.3142424920865294e-05,4.835539098567377e-05,5.192761584387932e-05,4.5886379475010904e-05,4.975000764882135e-05,4.5102455384626624e-05,4.664275621831779e-05,4.876640673100159e-05,4.650135863524852e-05,4.3088378789329274e-05,4.689292339578178e-05,4.787038550526714e-05,4.9965814678465205e-05,4.469629815240835e-05,4.778213658226002e-05,4.870980774711841e-05,5.138901390819216e-05,4.795531991792201e-05,5.115670561139258e-05,4.4775920752327244e-05,4.9761717532026424e-05,4.9247499434009995e-05,4.627646333071288e-05,5.101515484746035e-05,5.1760558122903856e-05,5.157962992078504e-05,5.334825451139112e-05,5.1782050742020754e-05,5.2918251272711856e-05,5.4510529478364105e-05,5.293145740429722e-05,5.423482152643711e-05,4.9679840270303475e-05,4.607717116000317e-05,4.811968560711492e-05,5.199999009372079e-05,5.196569346575139e-05,4.977352065419206e-05,4.941016939193896e-05,4.96994384934413e-05,4.9854500734954044e-05,5.1946373567672876e-05,5.168121532417335e-05,5.322012976890759e-05,5.197981891126038e-05,4.7811549849387355e-05,5.063442097881587e-05,5.1411325793449604e-05,5.2665067325343656e-05,5.0908394343897246e-05,4.658454533874352e-05,5.3218206314678454e-05,4.774469349752062e-05,4.575931545848872e-05,5.2521775757786704e-05,5.0012290851941586e-05,5.1241292915875474e-05,5.0092510717214105e-05,5.244369727665179e-05,5.117317938244393e-05
1,-0.00029363575150809777,0.0006004551823146345,5.027818535672716e-05,5.423439180649957e-05,5.012179500221125e-05,5.015935979557882e-05,4.600516791120622e-05,5.0931976859309654e-05,3.924369952437906e-05,4.723659600839155e-05,4.999814112464765e-05,4.1729614558691e-05,4.975488925757202e-05,-9.800411446028297e-05,-9.844522827655633e-05,-0.00010352369367491542,-9.917615972025459e-05,-0.00010145687810250496,-9.858467925389361e-05,-9.576049839380987e-05,-9.832894429086737e-05,-0.00010526219957036027,-9.90739307963727e-05,-9.962220670942207e-05,-2.6543162166748173e-06,-1.2173049439640277e-06,-1.8185569116764048e-06,3.891304185110706e-07,3.973286493479977e-06,3.20895287511743e-07,-1.846673046765197e-08,-6.473745841979138e-07,1.2346419514674447e-06,-2.6434172736987543e-07,1.8098394084925154e-06,-2.4221123231300433e-06,-9.396587214405909e-07,-1.4303483230446684e-06,9.877909499693707e-07,-3.2227547161786324e-06,6.154017871235155e-07,3.8732813798092443e-07,-1.4289929299189063e-06,-1.2143032507428887e-06,8.657561790364415e-07,-2.7294635507077303e-06,9.058039830396255e-07,5.849804933920767e-07,6.655907387763055e-07,1.870237806192125e-06,-3.477100198606329e-07,1.72154418545802e-06,1.5974728563199844e-06,6.977493942535263e-07,-9.227760740470026e-07,-9.407198051014975e-07,1.2748813001426166e-06,1.1613730801890345e-07,1.0119143655057072e-06,1.1754778841826487e-06,4.9665829660046114e-08,1.334538430704521e-06,1.4856904591254426e-06,-9.078037468580378e-07,-1.9159157228283455e-06,-5.981688885807013e-07,-1.1346391660547443e-06,-2.876702268309481e-06,-5.790782280718153e-08,3.5508862700507298e-06,1.6382253269706468e-06,3.977440547362191e-06,3.356686869305524e-06,5.717637292218396e-07,3.868575133622873e-06,-1.622539009298645e-06,1.935907371296379e-06,2.4464316754665235e-07,6.83535569050066e-07
2,-0.00028237770224901035,5.027818535672716e-05,0.0005998093246987187,3.653474601078161e-05,4.3442432534497404e-05,4.878328445056307e-05,4.3803310195963114e-05,4.067588991553535e-05,4.190831785596485e-05,4.30148919575707e-05,4.911523143402629e-05,3.6673317256718915e-05,4.828273346827621e-05,-9.703296592188267e-05,-1.6141031023909643e-06,-1.2694960454084865e-06,-2.064901798563126e-06,2.7549732467068183e-07,3.1138528280190696e-06,1.017080568555003e-06,4.3096092008436177e-07,-1.3001300482458274e-06,1.5480037919978844e-06,-7.618757696230267e-07,-9.958674290712078e-05,-0.00010361639717713294,-9.88878945747305e-05,-0.00010145491606797193,-9.788117454265382e-05,-9.643023077333651e-05,-9.876843441200035e-05,-0.0001046696054521875,-9.945820007378283e-05,-9.908199290405636e-05,4.803567883783548e-06,-2.28090730526164e-07,3.3913551719591407e-06,3.6513519731047344e-06,2.7396856397763738e-06,1.7737356818720012e-06,2.995218728840013e-06,4.548645181879776e-06,2.179904109383584e-06,6.525509707609231e-07,2.667791778503112e-06,8.086376098992933e-07,1.254986361734958e-06,2.058132580394187e-06,1.5610202714515184e-06,3.3341513560860555e-06,-6.40294451716598e-07,6.422746349992937e-07,-1.3645079826708523e-07,1.5559215753046663e-06,8.055642098640962e-08,5.359051912548803e-07,2.1968793046434532e-06,-2.436530066188875e-06,3.0851284301737213e-06,1.4530854245965312e-06,-2.783198386685989e-07,-1.0348952165801844e-07,2.1733181080827276e-06,-4.67755144388979e-07,-2.1969399706665315e-07,1.3368600322187976e-06,1.512684253849028e-06,7.435585033995704e-07,1.9281427537248757e-06,1.7178786086509042e-06,-1.1720979012677343e-06,1.2700207861248742e-06,2.117844463128445e-06,-2.132831773844364e-07,4.12832731928486e-06,1.3050207684701617e-06,3.17502993994493e-06,-9.691594115367586e-07,1.0100414642805017e-06
3,-0.0002937976060469648,5.423439180649957e-05,3.653474601078161e-05,0.0005990615132879595,5.1325263934032684e-05,5.3879980055574236e-05,4.340041152260002e-05,5.1912493881762324e-05,4.345953339576904e-05,5.1593127054942724e-05,4.855969039767998e-05,4.283702238362948e-05,5.141284315733358e-05,-1.9059135761568071e-06,-9.670149305646661e-05,9.853279707336766e-07,-2.6630764486487867e-06,-4.365194756750818e-07,-1.5955471299771844e-06,6.269747825540011e-07,-3.705303222548724e-06,-2.75986604088292e-07,1.298445834963445e-07,-1.50239081291918e-06,-9.875688443754993e-05,3.878270567178139e-06,-3.4771398592231246e-07,3.914656363406224e-06,4.438974292227743e-06,1.6946657770318301e-06,9.5420877285164e-07,2.8218694509670096e-06,3.934387628342948e-06,2.7115148931847374e-06,-0.00010280673020585004,-9.877176677246547e-05,-0.00010189548331743765,-9.873633129841016e-05,-9.53823240670474e-05,-9.793832219868414e-05,-0.00010451707130709531,-9.894687791968665e-05,-9.959264028634096e-05,-7.833694121599383e-07,2.3197335638927574e-06,-1.7032964052055758e-06,-7.347215988085023e-07,-3.269872238143927e-06,-4.418805347656836e-07,-1.6873199520998406e-07,1.8004934924212769e-09,-1.2213909069279838e-06,-1.4525532655831384e-06,1.3407192651701726e-06,-1.2711263831728782e-06,-1.7240822278998763e-06,6.970202241917101e-08,3.8616926750953263e-07,-2.514059043166288e-07,2.053615309757892e-06,7.791113322589043e-07,3.42362926289799e-06,2.209562740746315e-06,3.8268987393001063e-07,-1.17073065572869e-06,-3.948793118549202e-07,-3.7368899761422046e-07,-1.9490811727508765e-06,-5.947562849349601e-07,1.4416752391353448e-06,2.0466047582375427e-07,1.4959661745613692e-06,-1.0974060565692508e-06,-1.0443933463418262e-06,1.2385836938934344e-06,-1.0404453033162395e-06,4.742925604973144e-06,-6.309117407007752e-07,-1.1107122441490439e-06
5,-0.00031128584488279617,5.012179500221125e-05,4.3442432534497404e-05,5.1325263934032684e-05,0.0005938725100991396,5.095226937221589e-05,5.4413999533315716e-05,5.662233925676046e-05,5.054012107544849e-05,5.3339992414570395e-05,6.654060264869895e-05,5.312891643402451e-05,5.773200785372892e-05,-1.5859051450253191e-06,9.275702104806076e-07,-9.655261668725548e-05,-1.4555817666507706e-06,1.7849669956819826e-07,-3.411450153744184e-06,1.2743377979490178e-06,5.10010721239659e-07,-2.0025428723780896e-06,1.6621899794638792e-06,-7.888959031704218e-07,2.84156765976948e-06,-9.729538894551801e-05,8.222191686257269e-07,2.0001208303825032e-06,1.0012287591926236e-06,8.386956440538589e-07,1.5232092264863728e-06,-6.290697097555741e-07,2.7040632816692714e-06,-5.247214415287321e-07,-9.753205188748059e-05,-5.222399128696791e-07,1.0653971113858013e-06,-2.1741989071415564e-06,-1.6166319629521795e-08,-2.8185755918683787e-06,-2.338406065914626e-06,-2.180876867976537e-07,-5.613135995243013e-07,-9.902590321330579e-05,-0.00010063675792635264,-9.83154731328935e-05,-9.633235968827913e-05,-9.82797046803437e-05,-0.00010263013078148166,-9.916450579295281e-05,-9.91844252489206e-05,-1.1617084858538732e-06,2.1819134470026707e-06,-3.976072137055438e-07,-5.782518917579253e-07,-2.2856026691812253e-06,4.0143631614534006e-07,-3.755701507478508e-07,-2.320456066900419e-06,-1.682960730897241e-06,-1.354453582962748e-07,-1.5889302369844633e-06,-1.6117789896773044e-06,-1.226694010933313e-06,2.6457420217027796e-06,-6.01202474716844e-07,-3.440597131460921e-06,-1.8395549765948281e-06,-3.6838008680178736e-06,-1.068700085751057e-06,-3.7193416566461384e-06,-1.7980628328973048e-06,-3.960439900200994e-07,-3.1669907199638102e-06,5.631759654087566e-07,-2.0087675125961317e-06,-3.3538883013254203e-06,-2.7707341258439917e-06,-1.9370200468868104e-06
6,-0.0003001319737449859,5.015935979557882e-05,4.878328445056307e-05,5.3879980055574236e-05,5.095226937221589e-05,0.000598065051909056,5.284347468357489e-05,4.2973140914565224e-05,4.759764129240385e-05,5.35750166921749e-05,5.166799194215969e-05,4.668809375537907e-05,4.9474699597261234e-05,-2.092171582025255e-06,-2.3357897362532935e-06,-8.808120634635638e-07,-9.708340211230762e-05,8.962033538501062e-07,1.293010659303878e-06,8.378454667474495e-07,-9.612427811909493e-07,-1.4123505492320115e-06,1.5982195745229972e-06,-1.2628974945008132e-07,-1.2934379588329546e-06,1.0993259829809576e-06,-9.773563395401848e-05,-4.94487222907746e-10,5.539934445989656e-07,9.113859315485536e-07,-5.275767289351598e-07,6.98499590461151e-07,2.2231240556141366e-06,-2.061201499197508e-06,4.2996281855896543e-07,-9.844193124622528e-05,-2.3154854718688767e-06,-1.523922249469351e-06,1.6757150722632122e-06,-9.792895176816481e-07,-1.313291596485764e-06,6.11757068437552e-07,1.613643982666135e-07,-0.00010386494700930342,-1.0466189910590998e-06,2.4517508153378492e-06,-8.730368838112832e-07,-5.840798259387711e-07,-4.0771068249149464e-08,8.672839643459597e-07,-1.401214625289976e-07,-0.00010069619847994449,-9.838880658792877e-05,-9.576486753305226e-05,-9.813764044970161e-05,-0.00010468551992188657,-9.929757032237675e-05,-9.925863999006278e-05,2.255416205281182e-06,-3.0786529727751425e-07,-1.4238163888611733e-06,-5.616561534710467e-07,-1.9617392530405163e-06,4.299762454777584e-07,1.5311036023022618e-06,1.1449771661438984e-06,3.212721792912975e-06,7.886006215829055e-07,4.923273990780816e-07,-2.361032568159411e-07,-2.770479490061171e-06,-1.3228899133536098e-06,1.3423573776891391e-06,1.2415263329295336e-06,-2.050654489293714e-06,-2.070889674690099e-06,2.1296601737322955e-06,6.060633800238853e-07,2.2237335009331355e-06
7,-0.000302978215529719,4.600516791120622e-05,4.3803310195963114e-05,4.340041152260002e-05,5.4413999533315716e-05,5.284347468357489e-05,0.000595929595551015,4.9181594641203494e-05,4.904972670630048e-05,5.6026508363024686e-05,5.6533257539901686e-05,5.4431763828408185e-05,5.078146601146587e-05,-1.0728135940447782e-08,-4.4961255603842684e-07,2.819991934044895e-07,6.365185071391637e-07,-9.66662011064758e-05,4.244046052680138e-07,1.4070749763306058e-06,-4.1179657966468994e-07,-4.5893651648496513e-07,1.4321961557087529e-06,-7.152716699570903e-07,2.8717749816662977e-06,2.2057310774493695e-06,-1.1190797916833102e-07,-9.753745563505789e-05,3.545589642638342e-06,7.274439927819127e-07,-1.4656269699757213e-06,-1.066741844364758e-06,1.6755852686189602e-06,2.5771417863083346e-07,2.412163999522367e-06,-1.8336492935557153e-06,-9.875822823713177e-05,-5.564558546008773e-07,2.681985977454802e-06,5.705499355562985e-07,2.490784891381932e-06,2.287319382952624e-06,4.999738814171207e-07,-2.0425319352000237e-06,-0.00010305010151095377,-2.045897715732901e-06,-1.8614454198369441e-06,-7.947372734995351e-07,-6.261213015493752e-07,-1.5056153506218952e-06,-6.236615972523966e-07,-9.812762423683439e-05,2.2149554978077063e-06,-1.9726182786186062e-07,-2.232602833499945e-06,-1.7367767902449693e-06,-2.4419153837617967e-06,8.329790834518356e-07,-9.830399938005392e-05,-9.615479041529713e-05,-9.763050853182984e-05,-0.00010361284286185547,-9.918736574348481e-05,-9.975666963807985e-05,-6.786516280591039e-07,-3.155321985089586e-06,1.1021331755164872e-06,-1.396471309236566e-06,-5.936902881879223e-07,8.270337789056445e-07,-2.9242504801387707e-06,-1.7870479532981446e-06,1.525725188329282e-06,-2.2041215694228274e-06,-4.073869575722392e-07,-1.6681094888559972e-06,-1.5209378233392068e-06,1.3771062991492798e-06,-1.5670466169338783e-06
8,-0.0002994250289756168,5.0931976859309654e-05,4.067588991553535e-05,5.1912493881762324e-05,5.662233925676046e-05,4.2973140914565224e-05,4.9181594641203494e-05,0.0005988149206987873,4.265960055269411e-05,5.170448225898985e-05,5.167271917180029e-05,5.3726168629319825e-05,5.221987146278076e-05,3.144138840747685e-06,-1.1611211809028344e-06,-2.8006778122714475e-06,1.410769320517801e-06,8.697585013598306e-07,-9.718555432530664e-05,-8.35754846466082e-07,-7.5339696248224e-07,-1.7158482910465278e-06,-2.6698422498959843e-06,-2.436521578311451e-07,2.8922301050148234e-06,7.559124959923332e-07,-1.8151177828951846e-07,3.159961600899079e-06,-9.709004035747258e-05,-1.1949425655663745e-08,8.275856282804889e-07,1.5566255928733148e-06,5.350873992197129e-07,2.3082806657053058e-06,-9.697659349525283e-07,-1.2720311528258971e-06,-5.476133081030419e-07,-9.878929465576545e-05,8.100744297620378e-08,-2.114967941919972e-07,-3.487689527511269e-08,-1.5930226256780245e-06,-9.051789626464451e-07,2.125442305171124e-06,-1.5655804215546528e-06,-0.00010352081431927523,3.1730403217256264e-06,-7.019957743626652e-07,-1.4557531907626379e-06,-1.6494271044117977e-06,-3.4093064098355793e-06,2.9136562614342117e-06,-9.882322136399766e-05,2.2910373629030743e-06,1.0084226687088349e-06,3.024159927837234e-06,6.926890000047444e-07,7.320756958464614e-07,-0.00010148136089922236,6.81958108702937e-08,-2.5068064928729608e-06,2.1585315612058415e-06,-1.21106562836026e-06,-9.663372965100745e-07,-9.654652680690303e-05,-9.806822231866574e-05,-0.00010456917320613602,-9.931003745301097e-05,-9.948414028544003e-05,1.72057657363738e-07,3.833970274623032e-07,2.747122125907498e-06,1.678665871733526e-07,3.387997379205942e-07,-1.9659128675111262e-06,1.6802108323950694e-08,5.982889586317446e-07,-7.801505402560477e-07,-1.4799663800076788e-06
9,-0.00028734397763389123,3.924369952437906e-05,4.190831785596485e-05,4.345953339576904e-05,5.054012107544849e-05,4.759764129240385e-05,4.904972670630048e-05,4.265960055269411e-05,0.0006015858293578713,4.761308769663488e-05,5.089964299262055e-05,4.987934262018817e-05,4.2425265837900224e-05,9.361648138950956e-07,7.773388474497266e-07,1.402071170550971e-06,5.473870033015641e-07,1.4963505284612097e-06,-1.28677349719218e-06,-9.67561324060872e-05,3.034048484083858e-06,2.0253041490241307e-06,3.3224084980690127e-06,3.3584364660393e-06,1.6690949596317632e-06,2.03516422786052e-06,1.7960828684571991e-06,1.7807274054047254e-06,1.3252186402187684e-06,-9.857766093852907e-05,5.946867030876157e-07,-2.1911576664221616e-07,1.9136938466590677e-07,2.5267693841235978e-06,7.429717716262946e-07,1.3683530189599532e-06,2.0341318939885405e-06,-4.817477852870941e-07,-9.815681190476826e-05,1.232325531073877e-06,1.5027261767823255e-06,1.135248975187945e-06,-1.1163511949024782e-06,-3.848898625817618e-07,-5.366120738850714e-07,3.968584726781558e-06,-0.0001043555946024029,-1.6130088605327435e-06,-5.062662249900062e-07,-2.4375084096152617e-06,-8.568280966179263e-09,6.423949420018705e-07,2.5988691891991457e-06,-9.912613008094553e-05,-8.758885092557456e-07,-1.8177222946591375e-06,-2.283536876383849e-06,1.5566924562314592e-06,3.40946457176022e-07,-0.00010183261574193428,9.160974529221134e-07,-8.725317586771747e-07,-2.441267523943022e-06,1.354993320044043e-06,-9.928045916748242e-05,-2.3054923671862957e-07,1.4115741585244655e-06,2.004255372654703e-06,3.1119317876131126e-07,-9.760895595441834e-05,-0.00010564413078033838,-9.855670245608102e-05,-9.951253933324018e-05,-7.766634333935313e-07,-1.0953956946862106e-06,2.398287833783722e-06,-6.90494547839775e-07,2.4841419415533197e-06,1.0572825038132507e-06
10,-0.0003036609368904503,4.723659600839155e-05,4.30148919575707e-05,5.1593127054942724e-05,5.3339992414570395e-05,5.35750166921749e-05,5.6026508363024686e-05,5.170448225898985e-05,4.761308769663488e-05,0.0005992606340361423,5.378791501107811e-05,4.776694474395151e-05,5.314879445310926e-05,5.53044792349005e-07,-3.352040516362901e-06,9.162335862914179e-07,-9.434666883482561e-07,-1.301983285238542e-07,-8.125284218553942e-07,3.1515138124692062e-06,-9.709554036299849e-05,-6.018849264656561e-08,4.110855700226723e-06,-1.8321892894236573e-06,8.024309328158931e-07,2.646274359063138e-06,2.804335482826485e-07,-5.222760127307688e-07,2.0779795423713485e-06,6.103412559549726e-07,-9.85664074479665e-05,-1.863112859668845e-07,3.896111920479111e-06,1.6189789127484256e-06,-2.052324549197175e-06,-1.0285491993805838e-06,-8.499082388598573e-09,-6.0107841276505e-07,1.4263571468760898e-06,-9.83387971022421e-05,-7.717380004949405e-07,1.8601627983337324e-06,-1.1766129462275233e-06,-4.4446992176399295e-07,1.8491661418555375e-07,-1.9482127663741465e-07,-1.9847819121545823e-06,-0.00010392507041323056,-1.024230420673043e-06,1.107476204160272e-06,-1.7757986588712738e-06,-1.196073508050487e-06,1.3292288786544455e-06,-7.393785966475748e-07,-9.913185353108722e-05,1.1747439133128185e-06,-2.1791728824058774e-06,-1.9063142360208116e-06,-2.931559632868911e-06,2.1999052419227407e-07,-0.00010108780771082957,-1.0293701165527869e-06,1.2505350003681335e-08,-2.0815953183874116e-06,-9.797761725733376e-07,-9.853356079379028e-05,4.0519791752047693e-07,-1.884647669983998e-06,8.413979937941686e-08,-9.540183987031823e-05,-1.7084753972508872e-06,-1.4043412046865913e-07,2.1305611733098905e-06,-0.00010470853879420518,-9.940216472369899e-05,-9.935223315567874e-05,1.4913599693612856e-06,-2.5228734608783525e-07,-1.3682798801573905e-06
11,-0.0003122459524994836,4.999814112464765e-05,4.911523143402629e-05,4.855969039767998e-05,6.654060264869895e-05,5.166799194215969e-05,5.6533257539901686e-05,5.167271917180029e-05,5.089964299262055e-05,5.378791501107811e-05,0.000593046235552965,5.3444764782051726e-05,5.258069061173737e-05,-1.0046664887524806e-06,3.2939875730926006e-07,-1.4152210773380205e-06,-1.209115594047739e-06,1.1045295585174675e-07,-1.6804837785255656e-06,2.403308215684726e-06,9.838382239301388e-08,-9.728994995639509e-05,5.813550804035636e-07,6.352658324308065e-08,1.5097206164111394e-06,-5.561932034132219e-07,6.106744074483709e-07,-1.030111265378813e-06,1.9198091068344825e-06,-1.2086191911132962e-06,-1.1548556434820766e-06,-9.749283751368569e-05,1.3482458717069074e-06,-5.946507359177005e-07,-1.6639935179340626e-06,-1.5803862704623018e-06,1.6403795688685031e-06,-7.730089734036935e-07,1.3640472355828672e-06,-9.455088591565445e-07,-9.800953112483696e-05,3.4988935326268462e-06,-8.664861967628691e-07,-2.46480478131908e-06,-2.1051601192257123e-06,-3.2644719603514574e-06,-3.3556179204335592e-06,-3.5017275227149606e-06,-0.00010166590636486091,-4.483111299739385e-06,-2.556967556335684e-06,-9.535142511490231e-07,2.95991958384586e-06,-1.901565443972923e-06,8.698181147074499e-07,-9.888108839518924e-05,3.2358850092616135e-07,5.255718777529151e-07,9.409117161140733e-07,-2.3473301321571636e-06,-1.8379835225400046e-06,-0.00010036501722930779,-2.8038663693410805e-06,8.467632474763229e-07,1.9201218504643905e-07,5.27926130176759e-08,-9.834428315806933e-05,-8.289027473404659e-07,-7.766945454218856e-07,-4.2324058803295317e-07,-9.677679184259708e-05,-1.2072527822000146e-06,2.1851331283207065e-06,-9.796854418354678e-05,-1.998689788983887e-07,-3.408895313303018e-07,-9.800512802192247e-05,-9.935992565445002e-05,-1.8615176300808468e-06
12,-0.00029871204507004776,4.1729614558691e-05,3.6673317256718915e-05,4.283702238362948e-05,5.312891643402451e-05,4.668809375537907e-05,5.4431763828408185e-05,5.3726168629319825e-05,4.987934262018817e-05,4.776694474395151e-05,5.3444764782051726e-05,0.0005990653942896717,5.633320000670224e-05,1.6736488207020205e-06,5.670119533276125e-07,2.116435672723993e-06,1.6567777568544482e-06,1.7602325871302282e-06,-2.8369397654433612e-06,3.6083368847612215e-06,4.074699434983715e-06,4.3056076520565466e-07,-9.706284609436494e-05,-1.2091693079006917e-07,3.768585285160651e-06,3.714491751998657e-06,2.8543022236759556e-06,2.654163911224893e-06,1.7386630494298282e-06,3.8164345295185474e-08,3.817091379409201e-06,2.3109592311969915e-06,-9.843436610046144e-05,7.162408268204814e-07,9.316716866915172e-07,6.78361618540221e-07,2.057830839916574e-06,-1.8221191311081728e-06,1.4006310052422657e-06,2.0837976538991984e-06,4.027709101649432e-06,-9.858998463963284e-05,-1.9468919036604014e-06,9.994552964363884e-07,-6.426841771576609e-07,-1.1333803929143897e-06,-2.737214543858608e-06,1.1481626010330807e-06,-2.0822158775054144e-06,-0.00010424732944811139,-2.451579955762764e-06,-9.500021742460163e-07,1.2883237735716375e-06,-1.8206954993463305e-06,-1.8345775669253622e-06,1.0697324838331646e-06,-9.945854492634493e-05,1.6851597804176916e-06,-9.375703210045669e-07,-2.5471611055310212e-06,7.88347695722632e-07,-1.299881731187406e-06,-0.00010199524106284634,-2.6503167982890614e-06,1.4389645640054544e-06,-1.6044282911783202e-06,-2.0305281844221993e-07,-9.887613935455836e-05,-2.1702715425415278e-06,-1.3451753831674125e-07,-2.5578542969412187e-06,-9.542701671663207e-05,2.1105794507937686e-07,5.353425740940996e-07,-9.876706326188862e-05,-1.9912355113997795e-06,-0.00010399730203306016,-2.4547959871445306e-06,-9.87036091905379e-05
13,-0.0003044573602903103,4.975488925757202e-05,4.828273346827621e-05,5.141284315733358e-05,5.773200785372892e-05,4.9474699597261234e-05,5.078146601146587e-05,5.221987146278076e-05,4.2425265837900224e-05,5.314879445310926e-05,5.258069061173737e-05,5.633320000670224e-05,0.0005976472465405361,-8.203296099077044e-07,-1.2080086315618581e-06,-4.556228409752091e-07,-2.152036895329855e-07,-4.1919980564726116e-07,-4.149953719441831e-07,3.518786147278313e-06,-1.8363198159695845e-06,-2.0199336205847335e-07,-2.1355828707744048e-07,-9.710766304227799e-05,1.5151280895270028e-06,-6.579127479274945e-07,-2.4402315330489935e-06,8.18782079196639e-08,2.5602675081725755e-06,1.383776982749671e-06,5.121497898785868e-07,-8.054733044974588e-07,-2.591646695882281e-07,-9.732594459517825e-05,7.2122918294068e-07,3.867548427151283e-07,4.2248643986715937e-07,-8.746062961937207e-07,-5.633841615676872e-07,-7.823389226243765e-07,-2.0630209595352782e-07,-1.9054707838743225e-06,-9.869979540258521e-05,-5.389443735529943e-07,3.323569356273542e-08,-3.4431620631312592e-06,-7.036523398874096e-07,-2.156823882059947e-06,-5.91872400656086e-07,-2.770196227564564e-06,-0.00010341476444764327,1.5841025286565309e-06,5.845946419866418e-07,1.3894234686348597e-06,-2.2969887097335015e-06,5.43481587218929e-07,1.0197878953666924e-06,-9.877558632434363e-05,-5.211554153503923e-07,1.35584294123519e-06,-1.2599489056069049e-06,2.589796206942906e-06,-2.512960032486699e-06,-0.00010187576338745042,-5.541742305688907e-07,-4.341353798285597e-08,-5.960892034140036e-07,-2.603053140291803e-06,-9.852494250637334e-05,2.60739245883722e-06,1.451868576190725e-06,8.518927257928306e-07,-9.578773755568308e-05,-2.0073241796558869e-07,-2.6022457343223006e-06,-9.800572694254915e-05,-1.5529878288809665e-06,-0.00010463754512982115,-9.807109701713713e-05
1 2,4.959506825508553e-05,-9.800411446028297e-05,-9.703296592188267e-05,-1.9059135761568071e-06,-1.5859051450253191e-06,-2.092171582025255e-06,-1.0728135940447782e-08,3.144138840747685e-06,9.361648138950956e-07,5.53044792349005e-07,-1.0046664887524806e-06,1.6736488207020205e-06,-8.203296099077044e-07,0.00019768366908984103,-1.9626651056970728e-06,4.6451521129718815e-07,3.9697443434421097e-08,3.4608991612297416e-07,1.2400101018693856e-06,-1.643243593795598e-06,-1.438899197347553e-06,3.903954151949067e-07,-1.2574880899534371e-06,7.516326056429695e-07,1.413689396528054e-07,4.0503163248143983e-07,-5.133309193757059e-07,1.7892160273740166e-07,-7.320680736840187e-07,3.5544885371958006e-08,-4.943835790400464e-07,-9.074216589698633e-07,-6.402447095208695e-07,-3.9264599689776524e-07,-1.3155395135948137e-06,8.563031217087389e-07,6.101180735844581e-07,-9.041631299389811e-07,-7.530527859807175e-07,2.1415170323423103e-06,1.5064143616665467e-06,6.891924293727472e-07,-3.146592985372972e-07,1.869060931073545e-06,-1.0062052779326936e-06,3.6368896033938067e-07,6.628629960260308e-07,1.2799428997715488e-07,8.608324884215561e-07,-1.017053908171341e-07,-1.1334121165824272e-06,5.635221992504465e-07,-6.812267202427891e-08,-7.806765916719009e-07,-4.078868363852071e-07,1.4946138669862553e-06,-3.801274513022241e-07,1.1806972494504981e-06,-2.182893452733805e-06,1.110464797889907e-06,-7.681356567486435e-07,7.923439900980366e-07,-8.619450062406235e-07,1.026459788726127e-06,6.542573648497765e-07,-1.1704720544424966e-07,-1.8034208216265304e-06,6.643960376329108e-07,-1.2530569423457487e-06,-1.3961243088147328e-06,4.525052303317797e-07,-2.7200623494878507e-07,-1.424550352601499e-07,1.306415449790875e-07,-1.7682113305775068e-07,1.2077826606927504e-06,-7.144147247369939e-07,-4.254693610416728e-07,8.039966231243274e-08
1 3,5.092537869400849e-05,-9.844522827655633e-05,-1.6141031023909643e-06,-9.670149305646661e-05,9.275702104806076e-07,-2.3357897362532935e-06,-4.4961255603842684e-07,-1.1611211809028344e-06,7.773388474497266e-07,-3.352040516362901e-06,3.2939875730926006e-07,5.670119533276125e-07,-1.2080086315618581e-06,-1.9626651056970728e-06,0.00019763417654579556,2.14402553200969e-06,5.8560299023232614e-08,-6.346957707055155e-07,-5.537386358259301e-07,6.957626694301397e-07,3.362801365354509e-07,8.621392422955625e-07,-9.829516585185636e-08,-3.4384116345780736e-07,-4.54770727590127e-07,-1.3181692259236128e-06,8.804062068714782e-07,5.847537146186142e-07,-9.095373420983204e-07,-7.210233763341903e-07,2.1577804155269664e-06,1.4618009627460988e-06,6.890995050533881e-07,-2.987466579336139e-07,4.0647163034260534e-07,-5.386205633349183e-07,2.1302677843787705e-07,-6.172856614838521e-07,-3.1200775258140795e-08,-5.262130423813062e-07,-9.10196190905956e-07,-6.75691318583146e-07,-4.043934646306605e-07,3.7308764176325735e-07,-9.38792104036095e-07,7.302824310790198e-07,-3.500241148116241e-07,4.131819600033998e-07,-1.0167262644016208e-06,-1.3847234182286187e-06,5.956128952904015e-07,-7.328480378459116e-08,-2.723696068600286e-08,6.059413319183089e-07,2.1897927404457233e-06,-2.2341697857242862e-07,-8.404619375772728e-08,4.5326334402435916e-07,1.2012029542139933e-06,-1.6226993557046177e-06,1.3673847461247182e-06,3.305563903208058e-07,3.8949612632357147e-07,1.0122589101389639e-06,3.4941755405206165e-07,4.348306034856358e-07,9.998393506682482e-07,1.5095311991367796e-06,-3.4325089426866087e-07,-8.748549478446163e-09,-8.190585767585269e-07,-4.7213676918095135e-07,-1.0542511877848102e-07,6.499445647620887e-07,-3.3581781955168995e-07,-2.4712190925339365e-10,-1.7230221339866746e-06,1.066839634418303e-07,3.9960339764955785e-07
1 5,5.0014097474306695e-05,-0.00010352369367491542,-1.2694960454084865e-06,9.853279707336766e-07,-9.655261668725548e-05,-8.808120634635638e-07,2.819991934044895e-07,-2.8006778122714475e-06,1.402071170550971e-06,9.162335862914179e-07,-1.4152210773380205e-06,2.116435672723993e-06,-4.556228409752091e-07,4.6451521129718815e-07,2.14402553200969e-06,0.00019768569240668428,-2.3381653770564102e-07,1.6895223674229524e-06,4.791409439024967e-07,-9.751480933075018e-07,-3.886473628251343e-07,4.617711486690044e-06,-3.693461315600408e-07,5.185429777048189e-07,-1.305854593502371e-06,-4.0868113409331345e-07,1.860213811833852e-06,-9.856271386357744e-07,3.412189175877018e-07,6.432383468785898e-07,1.4252096500469589e-07,9.093916810374332e-07,-5.2285057117855836e-08,-1.0639829264264112e-06,-1.3948939665695647e-08,4.1084138646600417e-07,-9.071614784348558e-07,7.523362454703388e-07,-2.9019907238776063e-07,4.6288960403003947e-07,-1.0245162619586186e-06,-1.3385798867303686e-06,5.458089228407512e-07,-5.578982901348118e-07,2.0175808008019242e-07,-6.270843164829897e-07,-6.964513353524194e-08,-5.872005494210347e-07,-8.317069761394028e-07,-6.0151700898484e-07,-4.237957784480707e-07,-1.4742789832046824e-06,-1.1908521589831866e-07,1.1541896978913775e-07,-2.984901023510539e-08,6.647346321503064e-07,-1.866814491449944e-07,1.1742874697085703e-06,5.580767496848458e-07,-4.942760395499958e-07,-9.309362470998729e-08,3.801554925402661e-07,3.65832275901482e-07,4.3434316349112495e-07,1.9981671683414577e-06,-4.33877454181044e-08,-2.642731311238766e-07,1.0490152702579774e-06,1.2292349188680318e-06,3.634451182641637e-07,-7.219990304596091e-07,-2.2719364137161317e-06,6.098901796807465e-07,-5.700724492685187e-07,-4.4287812789445413e-07,-4.843395003578607e-07,7.796626387603614e-08,-2.3457746984273987e-07,3.0059976993704977e-07
1 6,5.0015632183566775e-05,-9.917615972025459e-05,-2.064901798563126e-06,-2.6630764486487867e-06,-1.4555817666507706e-06,-9.708340211230762e-05,6.365185071391637e-07,1.410769320517801e-06,5.473870033015641e-07,-9.434666883482561e-07,-1.209115594047739e-06,1.6567777568544482e-06,-2.152036895329855e-07,3.9697443434421097e-08,5.8560299023232614e-08,-2.3381653770564102e-07,0.00019751786496967165,1.4896122183134953e-06,1.059964679355636e-08,-1.9704097989372484e-07,-4.457133666568323e-07,2.303288603284588e-08,-1.1469995312024054e-06,1.7231950939975497e-07,8.69359638533664e-07,1.8711515223310117e-06,-3.6527644923525523e-07,5.580254286269635e-07,-1.1345367985521569e-07,-8.039762858474133e-07,-4.4024714820376634e-07,1.470835513764714e-06,-4.2603853123723475e-07,1.1559560764280163e-06,4.0958404110022167e-07,6.69384593171183e-08,-7.132538690897179e-08,-4.1527375705072266e-08,6.115655589410734e-07,2.223541778162838e-06,-1.826816235772903e-07,-9.055000950251977e-08,4.503616824757034e-07,3.9056458157414516e-07,-1.4256804429020475e-06,-7.842558861474724e-08,8.657305253803762e-08,2.948438543451477e-08,7.285470760030325e-07,-2.0647664628548387e-07,1.1931997821076493e-06,1.8747383248469107e-07,-5.988100739205841e-07,-3.669597911181065e-08,-5.220066926077914e-07,-8.609586263900329e-07,-5.586357577021667e-07,-4.2758015815046954e-07,7.050044986198883e-08,-1.086183756748473e-07,1.0143528942108864e-06,-1.654236184941755e-06,-5.465397518723103e-08,-3.0042806929551876e-07,-7.0368151176572e-07,-1.0935316651463956e-06,2.8596550879550033e-07,-1.8101483944278696e-07,-2.917686049694428e-07,2.451016618529925e-07,7.186280488954314e-07,8.112811244749817e-07,-1.7739719031499302e-06,-3.9220944806541106e-07,-3.6464561293239766e-07,1.237095974214583e-06,3.943322703761416e-07,9.845985444176525e-07,-6.164722336667834e-07
1 7,4.7691207520706024e-05,-0.00010145687810250496,2.7549732467068183e-07,-4.365194756750818e-07,1.7849669956819826e-07,8.962033538501062e-07,-9.66662011064758e-05,8.697585013598306e-07,1.4963505284612097e-06,-1.301983285238542e-07,1.1045295585174675e-07,1.7602325871302282e-06,-4.1919980564726116e-07,3.4608991612297416e-07,-6.346957707055155e-07,1.6895223674229524e-06,1.4896122183134953e-06,0.00019762404143696793,1.440329377458819e-07,-5.805377023816206e-07,8.154667752634903e-07,2.547350523166445e-06,-4.013506190513964e-07,-7.336491333829205e-07,5.577823875559414e-07,-9.817315923288496e-07,5.780954225624994e-07,-4.296182138485681e-07,-2.1370604425824975e-06,1.0882675446569202e-06,-7.317517135604138e-07,7.92936241837208e-07,-9.157396729249608e-07,1.0589219880908217e-06,-9.289700590129357e-07,-2.6501747685604452e-08,1.0504606549431156e-07,1.2281439816361621e-06,-1.5892832345212627e-06,1.3006332271233714e-06,3.51328890932276e-07,4.528539791727184e-07,9.585567172992718e-07,-1.435494186173473e-06,3.546575139440241e-07,5.747087472349938e-07,-4.911984162871762e-07,-1.4562544486190095e-07,4.447216049124764e-07,3.419492212199768e-07,3.984901921988403e-07,-6.109810191828687e-07,8.606498638825551e-08,-5.0920724311022274e-08,1.0602219123359268e-06,-1.6433290327625927e-06,-1.258390860029609e-08,-2.873706587640082e-07,-7.230051652784585e-07,1.2828866179518858e-08,-5.257928493818165e-07,-9.26753530743385e-07,-5.024213099496125e-07,-3.768454697398553e-07,2.1811765727885785e-06,-7.326921412375343e-07,-1.7125861611379008e-06,3.958821225972254e-07,-1.7047147573633473e-07,1.1199840977307426e-07,-4.811125557349724e-07,-1.2333881930364882e-06,-3.9733880146803904e-08,-8.168028864062134e-07,-1.5340586909575349e-06,1.4041374544047087e-06,1.595297788385574e-06,-3.6579267711280284e-07,-7.464806320643554e-07
1 8,5.058893962742243e-05,-9.858467925389361e-05,3.1138528280190696e-06,-1.5955471299771844e-06,-3.411450153744184e-06,1.293010659303878e-06,4.244046052680138e-07,-9.718555432530664e-05,-1.28677349719218e-06,-8.125284218553942e-07,-1.6804837785255656e-06,-2.8369397654433612e-06,-4.149953719441831e-07,1.2400101018693856e-06,-5.537386358259301e-07,4.791409439024967e-07,1.059964679355636e-08,1.440329377458819e-07,0.00019762259050454625,-1.8527329488422416e-06,-2.781433605791306e-07,2.9179430629757495e-07,-9.082935510550559e-07,-7.935034873009772e-08,-9.371237563290104e-07,3.094743209794973e-07,-1.2327835976298484e-07,-2.1284321589783283e-06,-5.210438104028223e-07,6.981137322489213e-07,-1.4709757631809516e-07,-1.8365104769690457e-06,6.766040823977673e-07,-1.2740672612650529e-06,8.178061090726286e-07,-3.926170554582706e-08,1.1994363096527352e-06,1.0469193974807851e-07,3.2412346950409663e-07,4.0692972049460424e-07,1.0354032676624536e-06,1.5442589698275005e-06,-2.3848578713928237e-07,-6.087813612925078e-08,5.548239039899188e-07,3.935571695774183e-07,2.0008016197265976e-06,-1.951991452599558e-08,-2.2247352633180063e-07,1.068550228702346e-06,1.214010401911762e-06,1.561855156523997e-07,-5.506921679481276e-07,-7.209616494317506e-07,-1.0234276579998081e-06,3.525821303853335e-07,-1.5216334474313908e-07,-3.158338337033149e-07,1.6043218169151316e-07,2.213862670590011e-06,-7.733079596895906e-07,-1.7245166543355729e-06,3.8169193908318644e-07,-2.1585603122764924e-07,5.420291456409711e-09,-4.882199802154687e-07,-9.134614380099267e-07,-5.060315706503397e-07,-3.335578196265253e-07,-5.459175631562974e-07,1.3797609964089298e-06,8.530390507833802e-08,-1.8942570242386148e-07,2.0000851790970796e-06,9.0505513275488e-07,1.013052370854764e-06,2.0961954531256542e-06,-1.5679755858613728e-07,-1.0122298280709493e-07
1 9,4.3142424920865294e-05,-9.576049839380987e-05,1.017080568555003e-06,6.269747825540011e-07,1.2743377979490178e-06,8.378454667474495e-07,1.4070749763306058e-06,-8.35754846466082e-07,-9.67561324060872e-05,3.1515138124692062e-06,2.403308215684726e-06,3.6083368847612215e-06,3.518786147278313e-06,-1.643243593795598e-06,6.957626694301397e-07,-9.751480933075018e-07,-1.9704097989372484e-07,-5.805377023816206e-07,-1.8527329488422416e-06,0.00019764439306772078,6.575824535817845e-07,-1.871120425501313e-06,6.627030574722375e-07,-2.7099420219850997e-07,-6.893074677414611e-07,6.599051062294816e-07,-7.495904589176343e-07,1.0896817268030532e-06,7.217409592077189e-07,-4.725671197357056e-07,-1.3310848650480622e-06,5.205504312523151e-07,-2.4274438257897214e-07,-1.6677833702466008e-07,-2.9496137992788273e-07,5.895681905941683e-07,-1.529348220795564e-06,2.4496338255834144e-07,1.3654289710019823e-07,2.3937479996883037e-08,-7.728889869378061e-07,-4.350831035561023e-07,-1.1838547685901242e-07,5.918255337416062e-08,-4.451590951711742e-07,1.9273992473908044e-06,3.3251838973143904e-07,3.203718607032842e-07,-7.067938224086811e-07,-2.2747111341113556e-06,6.062642938262073e-07,-1.1656232016718313e-07,-7.165321847373928e-07,-5.678199552643606e-07,2.1206312774807218e-07,7.247823808911855e-07,8.037535471490126e-07,-1.7802829784353531e-06,2.169249031169746e-06,1.3744849073346513e-07,1.6687948409453552e-07,-4.7417246069911685e-07,-1.271390660503486e-06,-1.0482395632297402e-08,-6.686048145566354e-07,-5.433644941869175e-07,1.3826855870573859e-06,4.126193154971768e-08,-2.3024915908072034e-07,-5.243298320039323e-07,-9.481556309697891e-07,-5.436488596006253e-07,-4.190380776473373e-07,8.262731377579359e-08,-2.0938116701223115e-06,-2.4796366841841175e-06,-1.0498717862684487e-06,-1.005463095609026e-06,-1.1077246837040801e-06
1 10,4.835539098567377e-05,-9.832894429086737e-05,4.3096092008436177e-07,-3.705303222548724e-06,5.10010721239659e-07,-9.612427811909493e-07,-4.1179657966468994e-07,-7.5339696248224e-07,3.034048484083858e-06,-9.709554036299849e-05,9.838382239301388e-08,4.074699434983715e-06,-1.8363198159695845e-06,-1.438899197347553e-06,3.362801365354509e-07,-3.886473628251343e-07,-4.457133666568323e-07,8.154667752634903e-07,-2.781433605791306e-07,6.575824535817845e-07,0.00019761506822288255,2.3183525904659187e-07,-1.0905110742635237e-06,-3.117691934900658e-08,2.1964025599455627e-06,1.5642959948882103e-07,-4.164074379108878e-07,-7.379003349238767e-07,-8.617735755528273e-08,-1.3889597993145776e-06,-4.0527445454262025e-07,1.653029243852998e-07,-1.599720860809781e-07,1.1827994123463788e-06,4.6976238300892175e-07,2.205006582591562e-06,1.2782428103708553e-06,4.3673041651518105e-07,6.3211165816677535e-09,1.1563014800542603e-07,6.753889741744163e-07,-3.5464970457317364e-07,-1.2418656706231201e-08,-4.569197847117567e-09,-1.2333760050213124e-07,-6.085108181699555e-08,2.5516517640615314e-07,4.140497340871553e-07,-5.69904669088535e-07,-4.842961039266727e-07,-5.019540994385271e-07,1.0286321974608852e-06,-1.028191803135142e-06,1.8234936390622738e-07,-5.518326274030531e-07,-3.993384255878538e-07,-2.9868056170059736e-07,1.2559644515837307e-06,-7.618222460066558e-07,3.4574033366915273e-08,2.5998633292164233e-07,-8.102776737579581e-07,-1.510798471440955e-06,1.3552572718029367e-06,-5.044208207858503e-07,-6.718211883142725e-07,2.0117888619088648e-06,9.172689878076733e-07,9.527948701863461e-07,3.288234731220929e-08,2.342274884614232e-08,-2.163405476819272e-06,-2.4142280642342565e-06,-8.721699968373872e-07,-6.193040557697946e-07,-4.893480679283414e-07,-2.321153330926301e-06,2.2069060807401984e-06,8.319703615602423e-07
