,1,1,2,3,5,6,7,8,9,10,11,12,13,1 2,1 3,1 5,1 6,1 7,1 8,1 9,1 10,1 11,1 12,1 13,2 3,2 5,2 6,2 7,2 8,2 9,2 10,2 11,2 12,2 13,3 5,3 6,3 7,3 8,3 9,3 10,3 11,3 12,3 13,5 6,5 7,5 8,5 9,5 10,5 11,5 12,5 13,6 7,6 8,6 9,6 10,6 11,6 12,6 13,7 8,7 9,7 10,7 11,7 12,7 13,8 9,8 10,8 11,8 12,8 13,9 10,9 11,9 12,9 13,10 11,10 12,10 13,11 12,11 13,12 13
1,0.0008405977259937338,-0.00021605177961222982,-0.00024315670985268592,-0.0002743827765904987,-0.00030413185770531006,-0.00022901041674446885,-0.0002922872566519054,-0.00019460517859224213,-0.0001975022193018013,-0.00021582948230976917,-0.0003061605825568951,-0.00028538274610702657,-0.00023236506181570265,3.696298555846865e-05,3.89966975164797e-05,4.022665840732477e-05,3.522754652015153e-05,3.8607513060594055e-05,3.121928559739725e-05,2.7674207362715113e-05,2.9947207071536065e-05,4.225399472874383e-05,3.6243229755271915e-05,3.468918856023376e-05,4.19129448807499e-05,4.758815425013846e-05,3.748555368945265e-05,4.680540350223516e-05,2.982775864293741e-05,3.180042290048181e-05,3.5500788819275276e-05,5.053700462041544e-05,4.3059148560390026e-05,3.608126926989194e-05,5.704094693878177e-05,4.238192741438771e-05,5.427214117652226e-05,3.514457536854681e-05,3.242368570554189e-05,3.6283253374519226e-05,5.77387466446943e-05,5.2075742428294805e-05,4.109878949185034e-05,4.391683327434206e-05,6.31534337812418e-05,3.5631793250452166e-05,3.798199726961172e-05,3.994474028546122e-05,6.743985083957383e-05,6.24453766731853e-05,4.5835895884377084e-05,4.140179480118896e-05,2.9181428200375654e-05,3.145658415247482e-05,3.4548939862319124e-05,4.429235017343711e-05,3.9343723099768755e-05,3.53756359819274e-05,3.0925884296815e-05,3.712500734976138e-05,3.864339271473675e-05,6.389499730634869e-05,6.145787411553525e-05,4.2650737808442935e-05,2.8090289051993787e-05,3.210301987160997e-05,3.3514753470685066e-05,3.7026796747518656e-05,3.235314364469716e-05,2.9987560959103393e-05,3.8923454373701316e-05,3.5773618419485534e-05,2.8391395596005054e-05,3.999877462594577e-05,3.838347182691822e-05,3.546541052625613e-05,6.044455462917678e-05,4.4876081160898106e-05,4.230409994158671e-05
1,-0.00021605177961222982,0.00044973978494845535,3.595033827027301e-05,4.086590340107398e-05,3.993304448745004e-05,3.549998520857474e-05,3.704856428864636e-05,2.8959808474427408e-05,2.5626421600383312e-05,2.71954503505735e-05,4.010657791702093e-05,3.271439394690607e-05,3.4524578239966986e-05,-7.366829549907043e-05,-7.7117972646281e-05,-8.492599059345991e-05,-6.887794766200892e-05,-8.213130276278007e-05,-6.370992675460276e-05,-6.321212369617513e-05,-6.57798483903146e-05,-8.642185451428078e-05,-7.90768670672476e-05,-6.970523160712323e-05,-1.4083326376311745e-06,-6.821042846843295e-07,-1.5614330255501871e-06,1.2467245177865377e-07,3.4155163901055243e-06,1.9153229332627833e-06,4.639858192337204e-07,-3.7017436580900275e-07,1.527628745457242e-06,-2.999936545507679e-07,1.96329141326007e-06,-1.6598755061507116e-06,-5.181351987249308e-07,-1.0552562996186956e-06,1.0682877202300407e-07,-1.0991382647273267e-06,9.759558292852708e-07,4.6654323420484695e-07,-1.6489531339328166e-06,-1.2384905617256648e-06,6.790814846345248e-08,-5.767565533184956e-07,5.199187094863091e-07,1.6909798513424582e-06,3.3265995874701696e-07,1.5928011814185844e-06,1.0425192236621743e-08,7.570239733038547e-07,2.0289239092315356e-06,3.81465886892383e-07,-7.26695199735612e-07,-1.0837511833926503e-06,7.093979408751626e-07,8.019050033399827e-08,2.7819281503604195e-06,1.481365979443666e-08,2.2917222114132125e-06,2.472928014590784e-07,1.18454303956661e-06,-7.635512778509128e-07,-1.4976052960352228e-06,-2.583215373368138e-07,6.391437973560036e-07,-1.782897967892605e-06,7.370599758495483e-08,2.8019800998368643e-06,8.621805932816991e-07,2.3398750124970036e-06,3.0166508740109858e-06,1.8956279398875475e-06,3.3911869108060408e-06,-1.44404450382692e-06,1.6406016300068605e-06,3.573430981631634e-07,8.971592703404713e-07
2,-0.00024315670985268592,3.595033827027301e-05,0.0004453500562088081,4.217480003236531e-05,5.782160537475045e-05,3.88150968284101e-05,5.511687250836334e-05,2.662411433753257e-05,2.4223183500286497e-05,3.100832312160713e-05,6.237085084723784e-05,4.632577566441691e-05,3.673312019043051e-05,-6.748586009527023e-05,-8.534921225738769e-07,-2.011810918642071e-06,-1.832125409615765e-06,-1.0117655804026166e-06,2.6706930141617684e-06,3.0089525319039487e-06,1.2122914984076783e-06,-2.3324588458211085e-06,8.445189688810218e-07,-7.02553013063486e-07,-7.752620190812804e-05,-8.445340320697894e-05,-6.86538533288976e-05,-8.197453984988571e-05,-6.28616660175393e-05,-6.384284189048075e-05,-6.612383912059857e-05,-8.555616151421699e-05,-7.89475175098297e-05,-6.947367006446163e-05,-1.453173722325035e-06,-2.2494865130415e-06,-1.3443959022589358e-06,1.0054858558910928e-06,1.832083769158263e-06,7.027530986778433e-07,-2.55952988104029e-06,5.145341299062617e-07,9.410220108158125e-07,-1.8128519969843158e-06,-6.154845628885149e-06,-4.6959817509225874e-08,1.6074836791837744e-06,1.260034560276576e-06,-8.043766427936611e-06,-4.104889944327225e-06,-2.358614380472881e-06,-1.0685054130149383e-06,1.279159146614185e-06,8.669587454932788e-07,-8.169797545279488e-07,-1.8928565789398542e-06,1.1471303063506704e-06,-7.038944027433343e-07,2.206245168933937e-06,1.4142570413789262e-06,-7.759113210227095e-07,-8.256042553193413e-06,-4.5045848560929815e-06,-1.1104135452090137e-06,1.003686689910291e-06,1.8573534861438866e-07,5.166407991248522e-07,-1.391525395171587e-06,2.30310165654878e-06,9.803000584433594e-07,-3.963802845982631e-08,1.0163744668252816e-06,2.1083848791454918e-06,-6.100811056229916e-07,1.787087647347723e-06,3.165776511135394e-07,-4.238215909022681e-06,-2.654804297415383e-06,2.432348896832e-07
3,-0.0002743827765904987,4.086590340107398e-05,4.217480003236531e-05,0.00044706645650012034,7.781496056999384e-05,4.6511951643044744e-05,6.895000037882456e-05,3.078321081056903e-05,3.043061764194128e-05,3.610464700725688e-05,7.64827977944379e-05,6.63741435348068e-05,4.38942606729987e-05,-1.4378019541658712e-06,-6.674828239391921e-05,-5.256114152943122e-07,-2.0695221201097543e-06,-1.9404390628207246e-06,-9.159300552708618e-07,3.285452645520406e-07,-1.1840033010458986e-06,-1.7647365866937132e-06,-1.2801167276674497e-06,-1.8474885282912993e-06,-7.376855864704958e-05,-2.3883844438407546e-06,-2.1227547588288554e-06,-1.7579435662641652e-06,1.8589442541998677e-06,6.9224181913779e-07,-1.5497530091742843e-07,-3.252799336060938e-06,-4.286644753386901e-07,1.1325024199461783e-06,-8.549644685436381e-05,-6.939539633307422e-05,-8.341157022671324e-05,-6.358243879948827e-05,-6.278333908320245e-05,-6.543671908867416e-05,-8.693978099000474e-05,-7.995197676912467e-05,-7.005662419713432e-05,-4.248940095783556e-06,-1.1804988554806516e-05,-3.8411219675632275e-07,-1.7650144437250899e-06,-3.267570494134809e-06,-1.5121501232663442e-05,-1.259738877305261e-05,-3.3337591177590855e-06,-3.9285266697443e-06,3.604092357905653e-07,7.137515629371973e-07,-2.788952011772411e-07,-4.993514095696294e-06,-1.8725352833317663e-06,-7.300337174007527e-07,1.479239222673314e-06,-1.0834519002481487e-07,-5.393733737318573e-07,-1.127005628082578e-05,-1.0256407766999443e-05,-2.094923477287736e-06,-7.076931462712644e-08,-1.8930868679866344e-07,8.927222246509435e-07,-2.137644392623208e-06,3.3239207504510565e-07,2.24932422729626e-06,-1.0925553744502703e-06,-6.961777464639883e-07,8.141118417030136e-07,-1.9275367398035697e-06,-3.5710792325570134e-07,-5.663195527404226e-07,-9.187408331701509e-06,-3.853355582868942e-06,-3.4150372452203626e-06
5,-0.00030413185770531006,3.993304448745004e-05,5.782160537475045e-05,7.781496056999384e-05,0.0004519301392421546,4.489726633924684e-05,8.987082110141648e-05,2.7479336320558736e-05,3.1021343870850184e-05,3.617474554022723e-05,0.00010259652923669674,8.488312484074677e-05,5.069411997974576e-05,-2.7120336690044504e-06,-5.774739339319765e-07,-6.698823305175054e-05,-1.4850210595936778e-06,-3.038810795860738e-06,-3.555748743538385e-07,1.5175213114248749e-06,2.316231266943357e-06,-4.637794263609011e-06,-9.101915657510821e-07,-6.584775634921526e-07,-3.5906196245969655e-06,-7.462401225308999e-05,-1.6060855998058688e-06,-8.031252846815826e-06,6.996921914321232e-07,1.4183594222818007e-06,7.476714495625527e-07,-1.0833460829397197e-05,-5.505538665708918e-06,-2.298029355249025e-06,-8.017319390771362e-05,-4.161046285690314e-06,-1.3165524640801757e-05,-2.981176834331381e-07,-5.221804042875914e-07,-2.629144717304049e-06,-1.71957212498037e-05,-1.2991862493038894e-05,-3.6175492122362336e-06,-6.968701256907067e-05,-8.629350551100408e-05,-6.300300246293588e-05,-6.408443902114376e-05,-6.57569521273343e-05,-8.940493592548806e-05,-8.380640524133424e-05,-7.064003570029878e-05,-4.124512708920175e-06,2.2375196034439366e-06,6.500169850167225e-07,2.3529708590831055e-07,-5.571827263385715e-06,-1.4056269411556416e-06,-1.3720755760928518e-06,1.7555913327365306e-06,-1.6466032245259483e-06,-7.124072786216518e-07,-2.0948084762584718e-05,-1.8194071679152145e-05,-4.364689271760162e-06,4.105170799777999e-06,4.751359334152718e-07,5.245000343482011e-07,-3.644581917080412e-07,-9.063786643340412e-07,-6.387683863661378e-07,-2.5211894357504017e-06,-1.9508035595489196e-06,1.6147101754890736e-06,-2.789850103366654e-06,-9.696795404644298e-07,-1.3528790160808166e-06,-2.0202163831414405e-05,-6.804696026782428e-06,-4.589771470538035e-06
6,-0.00022901041674446885,3.549998520857474e-05,3.88150968284101e-05,4.6511951643044744e-05,4.489726633924684e-05,0.0004477674878027764,4.389321142104567e-05,2.72184778329749e-05,2.9193597803588674e-05,3.440633493948513e-05,4.564806288137961e-05,3.7138568642153895e-05,3.694208468259251e-05,-1.921764152756707e-06,-1.8882331670559676e-06,-8.951460130317232e-07,-6.712150856915197e-05,3.384016346110301e-07,1.4398268848513302e-06,7.597587000469133e-07,-7.952252840811309e-07,-1.338251035667956e-06,1.0757962456795154e-06,-2.9039275147415805e-07,-2.7832985222929697e-06,-1.288425540288898e-07,-7.337471439171959e-05,-3.6457264469047357e-07,1.4422749955740278e-06,3.495367821217645e-07,-1.5279966862182597e-06,-3.601099389970144e-07,2.119806857885743e-06,-6.351179672204413e-07,-1.8516647291546503e-06,-7.692112348675052e-05,-3.1330448474993167e-06,-2.243649680407325e-07,1.3850170992413228e-06,1.6111666801480287e-07,-3.1187411677853014e-06,-1.3980213435814687e-07,-7.195458622026141e-07,-8.524936919485567e-05,-1.5061230781304229e-06,1.3378584471412888e-06,-4.472452350781277e-08,-2.8262369640229275e-08,-9.90839564377889e-07,1.1719466032490822e-06,-1.07249731849428e-06,-8.173387697610553e-05,-6.314718734341793e-05,-6.347225763139275e-05,-6.556037518190097e-05,-8.608892639145562e-05,-7.92234699505382e-05,-6.934642701590675e-05,1.9244253665758004e-06,6.290894901082688e-07,-4.687847981788626e-07,-1.1002023693415928e-06,-8.868290391145592e-07,-1.3836531218272126e-07,8.26868708895187e-07,1.0801907918650652e-06,2.0991152910415737e-06,-7.484901423951707e-07,-1.9414325549179502e-07,9.04730472662118e-07,-1.3901143109311269e-06,-3.384335305820595e-07,1.258523186303408e-06,1.2041976553131482e-06,-1.148415582204084e-06,-1.2507371590426377e-06,2.026924721068094e-06,-7.118433243246917e-07,7.967489211210947e-07
7,-0.0002922872566519054,3.704856428864636e-05,5.511687250836334e-05,6.895000037882456e-05,8.987082110141648e-05,4.389321142104567e-05,0.00045119843970039885,2.096584958442782e-05,3.156030402806793e-05,3.8467820623807964e-05,9.211386389974547e-05,8.321420184779753e-05,4.2889518141506326e-05,-1.6290039342313036e-06,-1.6663933454533515e-06,-2.7224810999713638e-06,-2.140655519380209e-07,-6.729846201973029e-05,2.6146839435980248e-06,9.544266480218685e-07,2.348898384491635e-06,-3.6328467536917268e-06,-8.272643130954525e-07,-6.97144927064944e-07,-2.4371957004064414e-06,-7.525704027278719e-06,-1.458516493249127e-06,-7.478606999544103e-05,2.837399422964752e-06,1.1305074917552082e-06,-1.5137409685521179e-06,-1.0111287252242507e-05,-5.722293169463387e-06,-6.231629571403613e-07,-1.2411890623465111e-05,-4.259728680506262e-06,-7.991892420495588e-05,1.0073259940846306e-06,1.1148194314235853e-06,-6.61542867277542e-07,-1.254562097989081e-05,-1.042486779373319e-05,-1.949550098241234e-06,-4.4704884283001095e-06,-8.829730652234375e-05,1.4570162160127287e-06,-1.5668492586493136e-06,-1.2464430868591324e-06,-2.0346805854086706e-05,-1.8176351388539333e-05,-3.857463332825738e-06,-6.920371094931515e-05,2.5347136114679908e-06,8.196365846877743e-07,-1.0677944177738518e-06,-4.377506171631324e-06,-2.8824193549337562e-06,2.147054146529911e-07,-6.20264923574079e-05,-6.427736351518855e-05,-6.537292670157798e-05,-8.911188976403194e-05,-8.294245313635284e-05,-7.05083163408627e-05,1.5848375293051188e-06,-9.202872008954265e-07,4.069992156158284e-06,1.1246972077045122e-07,1.1967638936449204e-06,1.6100966181306634e-07,-2.225649834120947e-06,-2.4085918072512534e-06,2.663255778489649e-06,-2.4020351606294125e-06,-1.3557166548036984e-06,-1.4935665291490507e-06,-1.8230900630715195e-05,-2.6777924949599108e-06,-3.5723506077294626e-06
8,-0.00019460517859224213,2.8959808474427408e-05,2.662411433753257e-05,3.078321081056903e-05,2.7479336320558736e-05,2.72184778329749e-05,2.096584958442782e-05,0.00045495739806779707,2.391446961338867e-05,3.325964663316806e-05,2.3442567761588154e-05,3.110915981297947e-05,3.105652441920421e-05,3.143784323561404e-06,-6.644665404225264e-07,3.343278312488181e-07,1.7992108057096406e-06,3.625740039840683e-06,-6.747693625240105e-05,-7.670121923407519e-07,-7.064962401242835e-07,1.3159405841197468e-06,-1.1147546442854064e-06,1.5930739779939896e-07,1.103199394483971e-06,2.3125367219170982e-06,1.2279507931400102e-06,3.967888375532007e-06,-7.349417586998669e-05,7.371604538990998e-07,-5.477521676928916e-07,2.950355871081596e-06,1.2656113197987674e-08,2.9845254437585316e-06,2.957588817473861e-06,7.460700648495696e-07,3.518811695421484e-06,-7.788872471480196e-05,4.696141351050978e-07,1.558478576712227e-07,3.87798977569935e-06,4.1421656323034313e-07,8.184422059778136e-07,2.0259931970053024e-06,5.79779952864163e-06,-8.633949489087188e-05,3.7845820711285627e-06,-9.180099589767607e-08,6.184074108692104e-06,3.549375922309831e-06,-3.342001592515404e-07,2.946937879344137e-06,-6.874439275513419e-05,1.3545511987967348e-06,9.988217659430979e-07,2.9241789341340666e-06,-4.85570603486775e-07,3.005498553370997e-07,-8.353385583390545e-05,1.5608057752306217e-06,-7.632519691354915e-07,8.617137523560113e-06,3.7274572889412247e-06,1.2979012411484769e-06,-6.421846317713093e-05,-6.53230424438351e-05,-8.745758749979163e-05,-7.995598436081007e-05,-6.983204125506334e-05,9.149622733167669e-07,1.7612570879333935e-06,3.838677980725056e-06,-8.316314446161749e-07,7.129788864764686e-07,-7.63956326555626e-07,-4.485016498925465e-07,5.316298842002736e-06,1.673663531210324e-06,7.567019006387526e-08
9,-0.0001975022193018013,2.5626421600383312e-05,2.4223183500286497e-05,3.043061764194128e-05,3.1021343870850184e-05,2.9193597803588674e-05,3.156030402806793e-05,2.391446961338867e-05,0.00045445644289964307,3.136024075953568e-05,3.1157076906157346e-05,3.318392957352646e-05,2.3231870682593933e-05,2.7826495269094035e-06,-4.423897088457414e-09,1.409229793967274e-06,5.366375027095594e-07,7.26413087153954e-07,-1.2455296699809246e-06,-6.695787384718195e-05,2.108991548430844e-06,1.762914127215992e-06,2.221217665251775e-06,3.3051707492982566e-06,1.164228154273727e-06,4.3044747124111115e-06,1.3943283970540641e-06,3.430312305648081e-06,1.8012908094374805e-06,-7.468809855361511e-05,-2.6540488250539466e-07,2.8649440792754066e-06,1.61290108603e-06,2.563841382252988e-06,1.5747346635741759e-06,1.5433687380118386e-06,2.2027624327976975e-06,-1.1043963102470398e-07,-7.70929609055733e-05,2.400343271815401e-06,2.1826667729829115e-06,9.949424856858998e-07,1.2021894259857509e-06,8.562819189936393e-07,2.7701839662418345e-06,4.020390428458239e-06,-8.638356916164329e-05,-1.8510598231049834e-06,3.825831942201733e-06,6.940297503215277e-07,2.2395060220676906e-06,1.672757998705669e-06,1.713922675416961e-06,-6.906570755940145e-05,2.7033817534039117e-07,-1.9359880605412797e-07,-8.071730814449681e-07,1.693874553804799e-06,1.2796431581668596e-06,-8.300892163725194e-05,2.0309562090210153e-07,2.505034755787849e-06,-1.4174442841691363e-07,2.8351061974539365e-06,-6.421778483414555e-05,5.162765409378062e-07,2.0139305865174775e-06,3.1188126166714787e-06,-6.317374694136423e-07,-6.489321781980637e-05,-8.75570176198091e-05,-7.914479240107141e-05,-7.00901458503332e-05,-1.1842345625207614e-06,-1.0318998828035393e-06,2.448644635965596e-06,2.0982135770143006e-06,4.187272440784719e-06,1.2822110034072335e-06
10,-0.00021582948230976917,2.71954503505735e-05,3.100832312160713e-05,3.610464700725688e-05,3.617474554022723e-05,3.440633493948513e-05,3.8467820623807964e-05,3.325964663316806e-05,3.136024075953568e-05,0.0004513704271298609,3.665913538002026e-05,3.538177792680145e-05,3.638358371095328e-05,1.338038465166032e-06,-1.3209715428844536e-06,2.483091174853346e-06,-6.602425636094136e-07,2.5086659187904783e-06,-6.825428545281829e-07,2.3874351730092502e-06,-6.731693228117904e-05,2.0427410335614008e-06,3.7616197448626503e-06,-1.4753807779983858e-06,1.8010818992871343e-07,3.6053363695544044e-06,-4.151257605248297e-07,3.1433053352748353e-07,4.833513195199766e-07,-2.7585003642941854e-07,-7.448007036768625e-05,1.425822771671687e-06,2.8056492980623943e-06,7.664642300394986e-07,-5.520151312631274e-07,4.484893203165869e-07,7.566093880536064e-07,-4.0958543462715316e-07,2.4255306754442683e-06,-7.691438551160102e-05,3.2511778437620566e-07,1.782064435954349e-06,-5.574266808150828e-08,5.823567974083014e-07,2.545847125772976e-06,-6.884733132972341e-08,-2.042892142044272e-06,-8.589460242667978e-05,2.4185356366139463e-06,2.278032136234008e-06,-6.931588948882941e-07,-1.8288529187080457e-07,1.2759583024382257e-06,2.6257240007259557e-07,-6.888439864707261e-05,1.6999091422754822e-06,-1.260748382798543e-06,-9.154673537483976e-07,-1.4576422151270536e-06,-3.4602258645598783e-07,-8.225555940220063e-05,1.5512999139108913e-06,1.3027538792096467e-06,-1.3519308407511105e-06,-1.4565188518512587e-07,-6.331783090092664e-05,3.872380192342759e-07,-1.080861806076719e-06,-5.635806358125918e-07,-6.285141176947716e-05,-1.770994219184328e-06,-5.734327960708731e-07,2.078270042444914e-06,-8.672055127789838e-05,-7.951810888515071e-05,-6.954649857102899e-05,2.4752978580838426e-06,4.762047575611334e-07,-1.7643156085166952e-06
11,-0.0003061605825568951,4.010657791702093e-05,6.237085084723784e-05,7.64827977944379e-05,0.00010259652923669674,4.564806288137961e-05,9.211386389974547e-05,2.3442567761588154e-05,3.1157076906157346e-05,3.665913538002026e-05,0.0004531312981587094,8.57404433864434e-05,4.726640862635906e-05,-2.3885774700921293e-06,-1.0110223501932994e-06,-3.939726353550175e-06,-1.3179909206618567e-06,-3.212316312590286e-06,9.056400214331251e-07,2.3407265652727294e-06,2.059655641671147e-06,-6.805790930683838e-05,-1.72923320303723e-06,-7.36646292681401e-08,-4.647904935946849e-06,-1.0648671170072138e-05,-1.8119539536537029e-06,-1.0322185392292493e-05,1.4657742559476493e-06,4.2665141929826904e-08,-1.1050635259941606e-06,-7.543850978542745e-05,-6.6021419075148134e-06,-2.3795554339195695e-06,-1.6692083580644913e-05,-4.9854964483503055e-06,-1.2936503563870846e-05,7.401304468837087e-07,4.22188415516799e-07,-1.3888217514179607e-06,-8.091650636200171e-05,-1.0601836465168977e-05,-3.837138832565061e-06,-5.66992557015828e-06,-2.116477416384896e-05,3.293355486069553e-07,-2.3158432095606467e-06,-2.8952732426053856e-06,-8.906963542083414e-05,-2.11527933105945e-05,-6.521565237386707e-06,-4.084834629673629e-06,2.830869958445581e-06,-3.7970614801824737e-07,1.2234776967979783e-06,-6.983363738502087e-05,-1.4973453694183565e-06,-7.482905682397017e-07,4.156194096036804e-06,-2.06040236596868e-06,-1.91610815368797e-06,-8.686103012258873e-05,-1.9237723292057997e-05,-3.006008345295554e-06,2.408042058403679e-06,9.313817428161472e-07,-6.228044845335405e-05,4.371561405557802e-07,1.1165725427755376e-06,-2.020258880400273e-07,-6.429426412614991e-05,-1.544592710429148e-06,3.4213868968069673e-06,-6.583242470801866e-05,-1.5570823882115939e-06,-2.0874229789145932e-07,-8.32855359913121e-05,-7.100486398207113e-05,-4.558023756418147e-06
12,-0.00028538274610702657,3.271439394690607e-05,4.632577566441691e-05,6.63741435348068e-05,8.488312484074677e-05,3.7138568642153895e-05,8.321420184779753e-05,3.110915981297947e-05,3.318392957352646e-05,3.538177792680145e-05,8.57404433864434e-05,0.00045159318527585013,4.656863869365178e-05,5.068937571234197e-07,-7.999643569344159e-07,-5.44939159811648e-07,9.40539219176308e-07,-7.801513861143794e-07,-1.0704693731955601e-06,2.7117235609464413e-06,3.838807294818983e-06,-2.0052609615571967e-06,-6.699933794141357e-05,3.2043815984130316e-07,-7.119662751918915e-07,-4.588878523675116e-06,1.6580480432976585e-06,-5.2536474689793605e-06,-9.207356372427635e-08,4.094455391306708e-07,1.5209100475095528e-06,-5.921337064933065e-06,-7.43204041013092e-05,2.8437591761137644e-07,-1.2165324500790775e-05,-1.7185267259162597e-06,-1.0392120543950848e-05,-1.7484471450096654e-06,-3.777320996976179e-08,3.633278391580042e-07,-1.0242030129135467e-05,-7.93124665192853e-05,-3.620732690231552e-06,-1.0827594348807195e-06,-1.7098821265936525e-05,1.502900694195253e-07,-2.4765137293811513e-06,-5.967792367156391e-07,-1.922275804906534e-05,-8.849360655088017e-05,-4.629478478968864e-06,-2.2879387506784555e-06,4.476051222575813e-07,-5.099427686098207e-07,-8.846777658272898e-07,-1.1418547181694651e-06,-6.895118549112372e-05,6.842290419845054e-07,9.100745012523313e-07,-2.939315653749032e-06,-4.4978537367427825e-07,-1.7939524497488768e-05,-8.563590978411491e-05,-4.084873529465884e-06,3.2330725717489738e-06,-4.432758696061198e-07,1.2479029955948082e-06,-6.379225022589968e-05,-5.137958492375152e-07,-3.045524244472894e-07,-2.2642416719488306e-06,-6.387877701797182e-05,7.121447714716575e-07,-1.1625237933699324e-06,-6.61746387559621e-05,-2.2961063304451732e-06,-8.832313852740698e-05,-4.752800062362461e-06,-7.01601828487652e-05
13,-0.00023236506181570265,3.4524578239966986e-05,3.673312019043051e-05,4.38942606729987e-05,5.069411997974576e-05,3.694208468259251e-05,4.2889518141506326e-05,3.105652441920421e-05,2.3231870682593933e-05,3.638358371095328e-05,4.726640862635906e-05,4.656863869365178e-05,0.00044714108372965897,-8.782094903224306e-07,-1.7642659170782118e-06,-2.5351400295551543e-07,-3.1288360424392413e-07,-4.486491805539424e-07,-1.5728903118001992e-07,3.452584961733245e-06,-1.5585749893199813e-06,-1.5574425276110186e-07,2.8839841564255203e-07,-6.711565029179781e-05,5.230492700547412e-07,-1.2503065438438187e-06,-8.638276375870487e-07,1.9881232035322586e-07,2.82328632713049e-06,1.3786050839974786e-06,-4.032977402569215e-07,-1.3763255740767828e-06,3.3025920559264753e-07,-7.308111891619255e-05,-1.3639980216031932e-06,-6.809816012819735e-07,-5.878872278367876e-07,9.081905496077256e-08,1.2338175813994136e-06,-2.2024441782959664e-07,-2.1177840023519613e-06,-2.5204960658743496e-06,-7.708550526399771e-05,-1.5353474049547912e-06,-1.2140320403378134e-06,-1.4660075260418818e-06,9.214359052132537e-07,-1.5972800584096133e-06,-2.697559177055773e-06,-2.886981127780326e-06,-8.472830344821143e-05,5.177331995134452e-07,1.32299340586529e-07,1.2427543782080394e-06,-1.4108639956323493e-06,-9.32322868694762e-07,-4.311635267066696e-08,-6.85399911522952e-05,9.022887016304339e-07,2.2348037104605804e-06,-1.0996356647343172e-06,4.980243852163373e-07,-2.2405362112405626e-06,-8.240125573171831e-05,-1.0103485512149102e-06,-4.537885729414182e-07,7.105175151681602e-07,-1.2320323205034075e-06,-6.355226609614458e-05,2.7435762424687216e-06,2.627150698398632e-06,8.01962815068447e-07,-6.346066919260825e-05,-1.7055672838333847e-07,-2.720356727761267e-06,-6.560725690632993e-05,-2.0504302679194455e-06,-8.587273221530908e-05,-7.846861257494324e-05
1 2,3.696298555846865e-05,-7.366829549907043e-05,-6.748586009527023e-05,-1.4378019541658712e-06,-2.7120336690044504e-06,-1.921764152756707e-06,-1.6290039342313036e-06,3.143784323561404e-06,2.7826495269094035e-06,1.338038465166032e-06,-2.3885774700921293e-06,5.068937571234197e-07,-8.782094903224306e-07,0.00013636674767232763,-6.799617828379143e-07,3.276922046616384e-06,2.4537759147452256e-07,2.4651688302436727e-06,4.808878366401672e-07,-1.8580504545254536e-06,-1.759012389968416e-06,3.2894476230153845e-06,8.8750375196319e-07,7.297007957032821e-07,1.6392172686043077e-07,5.984147220147275e-07,-1.6319337010022593e-07,4.743995302135153e-07,-1.1233437258069844e-06,1.7521903841014358e-07,-5.451988147926246e-07,-3.039678041620596e-07,-4.281143271631315e-07,-1.1179967262778788e-07,-9.530136958289458e-07,5.577709466311231e-07,4.94771720599772e-07,-5.032449604626764e-07,-9.274418985291543e-07,1.233893900787458e-06,1.0176366122212912e-06,3.874253327976502e-07,-6.952370903110573e-08,1.3021795317865444e-06,-3.1134978556381356e-07,-1.4494847905264998e-07,-2.4813698378246935e-07,-4.9777840437212116e-08,9.209886523348355e-07,-3.732841135751802e-08,-6.008730737717786e-07,7.205309035489577e-07,3.875074384613328e-07,-6.779661540711006e-07,-1.707272302754346e-07,1.0675204928368058e-06,-3.470721578746175e-07,6.709021464702247e-07,-2.0107469636166216e-06,4.812344704960263e-07,-8.571657151558067e-07,9.392267329209937e-07,-4.6748981920829884e-07,8.224383887135886e-07,6.272810069349987e-07,-4.579950479995722e-08,-1.6613802184895646e-06,5.382427163600248e-07,-9.573440562921066e-07,-1.2017468786125421e-06,-3.660394145621237e-07,-8.069702825322167e-07,-2.3028406288984418e-07,-5.8185638399761825e-08,5.7042868265754795e-08,7.760757045322319e-07,-4.4580368566545604e-07,-9.127309826215369e-08,-9.554729022512636e-08
1 3,3.89966975164797e-05,-7.7117972646281e-05,-8.534921225738769e-07,-6.674828239391921e-05,-5.774739339319765e-07,-1.8882331670559676e-06,-1.6663933454533515e-06,-6.644665404225264e-07,-4.423897088457414e-09,-1.3209715428844536e-06,-1.0110223501932994e-06,-7.999643569344159e-07,-1.7642659170782118e-06,-6.799617828379143e-07,0.0001364291787218156,5.011998382263191e-06,6.100107914485629e-07,2.922539090490291e-06,-1.0045882932377072e-06,4.49522821224915e-07,3.732343193503121e-07,4.237174962554545e-06,2.7544716636590842e-06,4.4697717065465313e-07,-1.6647263027865472e-07,-1.0624439116285407e-06,4.854422740026099e-07,2.916028174831418e-07,-4.982864903743012e-07,-8.798165685210978e-07,1.2783625033841398e-06,8.239894309860375e-07,2.259811465293874e-07,-1.0488674883918021e-07,2.2476554748664935e-07,-2.977055177506231e-07,2.3543164411922753e-07,-7.027209065137595e-07,1.9362010639515024e-07,-5.880449690022807e-07,-6.534007486984003e-07,-6.286419921555797e-07,-6.17666436766579e-08,3.014725199357441e-07,-7.83328511535051e-07,5.510292039646807e-07,1.2186446532222992e-07,-1.8723828055989832e-07,-9.634750392083235e-07,-1.2408563275997302e-06,5.073717632789816e-07,9.212629770750123e-09,-2.740700643648152e-07,2.893135096551555e-07,1.7544707649566705e-06,-1.1098351722469828e-07,8.523299269275045e-08,1.8353874735007045e-07,7.165006171909644e-07,-6.504750086065843e-07,2.1818906905456717e-07,8.167803788165645e-08,1.0312967426030911e-07,1.0205758468164604e-06,5.434739900589034e-09,6.818223056296335e-07,7.241283396147582e-07,1.5936795566740595e-06,-1.9146505556344856e-07,-1.7912744960003965e-07,-1.5467428086799022e-07,1.9802682003923688e-07,-4.0395631630393316e-07,-8.909636287778539e-08,-6.098345563016724e-07,4.4523064494451154e-07,-1.4777275410839415e-06,1.7825586235831871e-07,4.84668603106001e-07
1 5,4.022665840732477e-05,-8.492599059345991e-05,-2.011810918642071e-06,-5.256114152943122e-07,-6.698823305175054e-05,-8.951460130317232e-07,-2.7224810999713638e-06,3.343278312488181e-07,1.409229793967274e-06,2.483091174853346e-06,-3.939726353550175e-06,-5.44939159811648e-07,-2.5351400295551543e-07,3.276922046616384e-06,5.011998382263191e-06,0.00013747381394309244,-5.98308090698024e-08,6.440425400788126e-06,-1.3683143356228575e-06,-1.660856601533579e-06,-1.181556570286098e-06,9.393304263446996e-06,4.5715492210503315e-06,8.9367499205338e-07,-1.042355917165766e-06,-1.2570128927482107e-07,1.2585210062422515e-06,-4.800439299191084e-07,-1.543498871523477e-07,-2.50696352715824e-07,-1.9018835436632825e-08,7.837321978703585e-07,-1.8416011622784567e-07,-6.04526213726615e-07,-3.643429931208667e-07,3.105214958929696e-07,-7.070104072692909e-07,5.520937449045834e-07,2.1659577985180088e-07,-1.4590383117000357e-07,-9.630362607541593e-07,-1.1687881634558406e-06,5.078408421907691e-07,-2.7864517225177957e-07,4.3855997118205986e-07,-9.600085031140803e-07,-9.239010974788334e-08,-8.503062424686801e-07,-3.196307735853539e-07,-4.247978900583552e-07,-2.837393430119046e-07,-6.248812000605217e-07,-2.2636446418977555e-07,1.9176537151704947e-07,-1.7529830241945598e-09,5.563011877378925e-07,-1.1191052976984977e-07,6.197182104985794e-07,-3.574745272762628e-07,7.098376667342114e-08,-7.351862035592736e-07,6.304411203170508e-07,3.6868399713459124e-07,3.060107664715709e-07,1.612082703754152e-06,8.117400136819283e-08,-7.672051648347545e-07,6.507285787575354e-07,6.903987832910404e-07,1.6998102246776597e-07,-4.551784537680374e-07,-1.5022122604633897e-06,-8.870206816192455e-09,-9.253212280174073e-07,-4.763186972224616e-07,-3.300543982816522e-07,2.87945570765615e-08,-1.3372499454322676e-07,-6.41432538530472e-08
1 6,3.522754652015153e-05,-6.887794766200892e-05,-1.832125409615765e-06,-2.0695221201097543e-06,-1.4850210595936778e-06,-6.712150856915197e-05,-2.140655519380209e-07,1.7992108057096406e-06,5.366375027095594e-07,-6.602425636094136e-07,-1.3179909206618567e-06,9.40539219176308e-07,-3.1288360424392413e-07,2.4537759147452256e-07,6.100107914485629e-07,-5.98308090698024e-08,0.0001359587543154706,1.0358281157356629e-06,3.253196240347415e-07,-4.428313917346636e-07,-3.756253814492109e-07,1.1656978402405167e-07,-1.013026632279106e-06,5.30439176842734e-07,4.966779482479277e-07,1.3104559195388214e-06,-1.9795609305673215e-07,7.610953812261263e-07,3.512033449371875e-07,-6.989137581345805e-07,-2.13822457519348e-07,1.0397274540242197e-06,-3.289278007904498e-07,6.427944726700566e-07,3.020821100718763e-07,2.8327154554220115e-08,4.442821753098115e-08,-2.639460821908735e-07,2.8562661171140586e-07,1.7708900464574566e-06,-9.871876018369921e-08,6.057071743532034e-08,1.9251135447247073e-07,4.81683677666861e-07,-4.768868172744723e-07,-2.2555842817669926e-07,1.4497769243421798e-07,4.124544754352466e-09,6.5827507751733e-07,-5.210602692721401e-08,6.286076357342599e-07,3.9828692326369317e-07,-8.492583255022048e-07,1.507149218251356e-07,-5.323009172791167e-07,-3.971560317447593e-07,-3.674698013894996e-07,-1.897140725574441e-07,-4.6063019009489164e-07,-2.2001415215203426e-07,1.9368698679490112e-07,-6.277468201116529e-07,1.2677631069053007e-07,-1.7390213795250749e-07,-1.0817190137407009e-06,-8.081288189557103e-07,6.682386026302429e-09,-4.0174295132211224e-07,3.675011482844997e-08,2.91744980643605e-07,5.81905658154745e-07,8.14056081636382e-07,-1.008904278321492e-06,-2.716914462313233e-07,-8.705750829586198e-08,1.0833838340797838e-06,3.688827795599433e-07,4.836517355499864e-07,-4.916835715311917e-07
1 7,3.8607513060594055e-05,-8.213130276278007e-05,-1.0117655804026166e-06,-1.9404390628207246e-06,-3.038810795860738e-06,3.384016346110301e-07,-6.729846201973029e-05,3.625740039840683e-06,7.26413087153954e-07,2.5086659187904783e-06,-3.212316312590286e-06,-7.801513861143794e-07,-4.486491805539424e-07,2.4651688302436727e-06,2.922539090490291e-06,6.440425400788126e-06,1.0358281157356629e-06,0.0001369687833923197,-1.1780846003298247e-06,-1.1283645174946516e-06,1.6185616528531792e-07,7.132992067574333e-06,3.9914055620705156e-06,-2.07610636234547e-07,3.078583090994705e-07,-4.044281007181543e-07,7.158729231176732e-07,-1.6751397569939443e-07,-1.943892565306785e-06,4.4614007880879816e-07,-8.521800427794057e-07,8.180422754102331e-07,-6.544865636585283e-07,8.077632539158821e-07,-7.018134115591269e-07,6.083043244024274e-08,8.279335291112874e-08,6.907007901869027e-07,-6.165437163635609e-07,1.8087536738768692e-07,2.209322273394032e-07,2.653879155630614e-07,1.040530083419002e-06,-5.960452039968115e-07,6.370211313690681e-07,-3.9597495574392484e-07,4.90597151520279e-08,-7.800797702076942e-07,7.734181753245922e-07,4.486040247907957e-07,2.675637312024754e-07,-4.507968788269617e-07,-4.251223708423639e-07,-1.484200178093648e-07,2.489578997068308e-07,-6.999268162722601e-07,1.3788298060019257e-08,-1.478824329496277e-07,-1.2832686975842208e-06,1.3033746169707266e-07,-8.183769662150223e-07,-1.5774879395048408e-07,-1.204037962061231e-07,-1.2174757907768107e-07,1.661529996815654e-06,-4.511806186475345e-07,-1.9753560870669103e-06,-3.0936334437622987e-07,-2.295137672814324e-07,-1.9592085428756583e-07,1.1303342390796531e-07,-6.642157455862927e-07,-2.410805476990585e-07,-1.3034978655722047e-06,-1.4212354377653486e-06,8.642062555590138e-07,1.2886564010042273e-06,-2.133570101465608e-07,-7.881088118645167e-07
1 8,3.121928559739725e-05,-6.370992675460276e-05,2.6706930141617684e-06,-9.159300552708618e-07,-3.555748743538385e-07,1.4398268848513302e-06,2.6146839435980248e-06,-6.747693625240105e-05,-1.2455296699809246e-06,-6.825428545281829e-07,9.056400214331251e-07,-1.0704693731955601e-06,-1.5728903118001992e-07,4.808878366401672e-07,-1.0045882932377072e-06,-1.3683143356228575e-06,3.253196240347415e-07,-1.1780846003298247e-06,0.00013613240333931157,-1.3355137240027645e-06,-4.828726483667243e-08,-1.5366217952245986e-06,-1.678859929668216e-06,-4.154371574383316e-07,-4.831053232445827e-07,-1.739182922968711e-07,3.6845928026376885e-07,-1.906446753414486e-06,-2.0284383390470188e-07,6.858402238482183e-07,-5.6194603241907326e-08,-1.6791855229863914e-06,5.044373857065796e-07,-9.52877489618047e-07,5.641088364901516e-07,-3.171921127575719e-07,7.248095584825977e-07,-9.815522541031386e-09,-1.6924052579111817e-08,6.392371726045522e-07,7.066005983470425e-07,1.5444241913580793e-06,-1.5844828233126345e-07,-1.9672474433429982e-07,-3.3645518495009625e-07,4.868228598942457e-07,1.6431822508615824e-06,1.3555647483992126e-07,-8.033834342549824e-07,5.350873794671993e-07,6.58851269057472e-07,-3.70268471041373e-07,-2.7798200344926725e-07,-1.119624020937527e-06,-8.112393809654542e-07,7.567982129227478e-08,-3.5788460350383393e-07,3.565242817055799e-08,4.270428276772337e-07,1.6781301132699976e-06,-4.77805808177614e-07,-1.9348505136063022e-06,-3.2543094493145096e-07,-2.668264961175685e-07,1.3033793200632573e-07,-5.943677029962912e-07,-4.05462355344981e-07,-3.9295577483565053e-07,-1.374363946864884e-07,-4.651827007528623e-07,1.2062650531215143e-06,3.802017817320979e-07,2.4987557031962626e-08,1.5298587680710814e-06,2.675884482321132e-07,7.334909622570914e-07,1.2291996012385236e-06,-2.86153425801069e-07,2.2698785029312936e-07
1 9,2.7674207362715113e-05,-6.321212369617513e-05,3.0089525319039487e-06,3.285452645520406e-07,1.5175213114248749e-06,7.597587000469133e-07,9.544266480218685e-07,-7.670121923407519e-07,-6.695787384718195e-05,2.3874351730092502e-06,2.3407265652727294e-06,2.7117235609464413e-06,3.452584961733245e-06,-1.8580504545254536e-06,4.49522821224915e-07,-1.660856601533579e-06,-4.428313917346636e-07,-1.1283645174946516e-06,-1.3355137240027645e-06,0.0001361191445844437,7.74864509230776e-07,-2.2922849001201554e-06,-1.3880736291098338e-07,-5.537218136502439e-07,-8.667797758527482e-07,-2.951009979456698e-07,-6.703862766587981e-07,4.098884885994445e-07,6.698699048534626e-07,-2.646433694242326e-07,-1.1180510705815069e-06,-4.043344180877425e-07,-8.39441276909136e-07,-2.2924690997145203e-07,8.733091426289292e-08,2.428873516112859e-07,-7.176260007962916e-07,-4.9040835114768755e-08,6.282602078405208e-08,-1.5727782536819454e-07,-2.4889177746812016e-07,1.3299306592153654e-07,-4.5337786361615885e-07,1.4682625869337434e-07,-7.563339440104109e-09,1.609759796572516e-06,4.6444052821602194e-07,1.5952511931444105e-07,-5.820796048809968e-07,-1.6070576750204613e-06,-4.699372874109414e-08,-1.848745601887133e-07,-1.0848811415743678e-06,-3.2905875939681313e-07,2.594416404143256e-07,5.908264780903697e-07,8.258011638620069e-07,-1.011844458268957e-06,1.7127545642150234e-06,3.5739606874508516e-07,-1.7854011532857965e-07,-4.551489211985195e-08,-8.404052370257063e-07,-2.3255295835374524e-07,-9.314453339305763e-07,-4.3242698797437767e-07,1.2495296534490284e-06,3.790854372740099e-07,1.4437525670033645e-08,-5.252703713145928e-07,-4.245983985584488e-07,-3.0510441157123204e-07,-1.245295372770566e-07,-7.613114114644467e-09,-1.3686894598792671e-06,-1.5735401785496377e-06,-7.709805624715517e-07,-1.1695840639645443e-06,-1.0530235945133212e-06
1 10,2.9947207071536065e-05,-6.57798483903146e-05,1.2122914984076783e-06,-1.1840033010458986e-06,2.316231266943357e-06,-7.952252840811309e-07,2.348898384491635e-06,-7.064962401242835e-07,2.108991548430844e-06,-6.731693228117904e-05,2.059655641671147e-06,3.838807294818983e-06,-1.5585749893199813e-06,-1.759012389968416e-06,3.732343193503121e-07,-1.181556570286098e-06,-3.756253814492109e-07,1.6185616528531792e-07,-4.828726483667243e-08,7.74864509230776e-07,0.00013607700138310833,-7.981959474394494e-07,-1.0479820540760166e-06,-1.5405616409498508e-07,1.2764400151232835e-06,-6.900712200915482e-08,-1.926782041783805e-07,-8.971372334627444e-07,-3.8665199293132305e-08,-1.1630734102956097e-06,-2.251704293340166e-07,-3.7327963271654365e-08,3.390598397581879e-08,7.700896242127053e-07,-3.365945146115249e-07,1.714558091786675e-06,-1.5809623598997467e-08,7.08287229779062e-07,-1.505889272234513e-07,2.750164198973442e-08,-2.2434594621051268e-07,-7.689762050215248e-07,4.160287187671826e-07,1.4651208572423916e-08,-9.381054052968688e-07,1.1886061507137961e-07,1.06136940179148e-07,5.157817074297034e-07,-1.0537708305252018e-06,-6.664040002866207e-07,-3.6155469470616235e-07,2.222528711532167e-07,-8.085742508077153e-07,2.5473033681927574e-07,-3.5693474442368573e-07,-2.584789089236298e-07,-2.1251605948145322e-08,1.0784661879659612e-06,-4.1171454825047517e-07,-2.7461778134842314e-07,4.917313155274468e-07,-1.429329309688676e-06,-1.5693564254958988e-06,8.138640262201027e-07,-3.534091352587574e-07,-8.921564672526343e-07,1.5596151028579514e-06,3.2194621455152075e-07,7.069430914313659e-07,1.9697614680132104e-07,-6.413392434105621e-08,-1.4323237634504406e-06,-1.5137667015953985e-06,-3.691157816518374e-07,-3.3216835707625796e-07,-2.747098387830995e-07,-1.9207143055522653e-06,1.4902377841284068e-06,6.542880587674954e-07
