,1,1,2,3,4,5,6,7,8,9,10,11,12,13,1 2,1 3,1 4,1 5,1 6,1 7,1 8,1 9,1 10,1 11,1 12,1 13,2 3,2 4,2 5,2 6,2 7,2 8,2 9,2 10,2 11,2 12,2 13,3 4,3 5,3 6,3 7,3 8,3 9,3 10,3 11,3 12,3 13,4 5,4 6,4 7,4 8,4 9,4 10,4 11,4 12,4 13,5 6,5 7,5 8,5 9,5 10,5 11,5 12,5 13,6 7,6 8,6 9,6 10,6 11,6 12,6 13,7 8,7 9,7 10,7 11,7 12,7 13,8 9,8 10,8 11,8 12,8 13,9 10,9 11,9 12,9 13,10 11,10 12,10 13,11 12,11 13,12 13
1,0.0026558653753592882,-0.0007713158475378714,-0.000777894148030305,-0.0006573041090939155,-0.0008004208273675702,-0.0007662319292476963,-0.0007601273147397059,-0.0007520535849872899,-0.0007341475174469293,-0.0006794608213309025,-0.0007778057935226671,-0.0008035004023098985,-0.0007126970767585056,-0.0007509407188817856,0.00012416897825405341,9.902099259388828e-05,0.00012766930462953944,0.00013156840254521953,0.00011869498181098805,0.00011876909206866508,0.00010758344340486656,0.00010372089609968522,0.00012698628166115257,0.00012972015065228231,0.00011500841840081437,0.00011822054106326355,0.00011596065046500846,0.00012419110964609782,0.00011251782800454215,0.00011401673137486544,0.00010932314237316641,0.00012778060485865597,0.00011576034547562153,0.00013030011275464736,0.00013886789720528845,0.00010942409896844295,0.00011810961542503448,0.00011466279062484456,0.00010694590004312228,0.00010232062683940507,0.00010171584458153791,9.25218456831451e-05,8.915992711613483e-05,9.610568063884807e-05,0.00010554793079342691,8.312184311643332e-05,9.469722235621453e-05,0.00012085100769864725,0.00012718604808855202,0.00012450499640408234,0.00012392055918221474,0.00011289802762896956,0.00013850865232964955,0.0001323387597385187,0.00011987610278169897,0.0001249450347789801,0.0001247413686695923,0.00011681191817372062,0.00011456320240399726,0.00011796360556433943,0.00012729673111370744,0.00012574452378170007,9.871388399867225e-05,0.00011428831007267923,0.00011822263393941457,0.00011269647819118867,9.423777875141052e-05,0.00011576466500748686,0.0001304958028512297,0.0001137825128792492,0.00012104029756797683,0.0001082225443802742,0.0001078164270998448,0.00012352280484764053,0.00012809246535671102,0.00011587817289680472,0.00011563269389185722,9.332078531544559e-05,0.00011101632211831037,0.00011799001621366943,0.00011097002571769038,0.0001196217273549955,0.00010739884322388128,0.00010538280757196766,0.0001006755596293097,9.73373790417961e-05,0.00012553893155919785,0.00010771505777916332,0.00011649953667090721,0.00012087821973864281,0.00012796483934360108,0.00011093539006287033
1,-0.0007713158475378714,0.0015175879018893253,0.0001459045439169566,0.00011488342885283313,0.00012449566455513945,0.00013880216987003998,0.00011391311379481341,0.00012362212491954933,9.810568294308008e-05,0.00011650079408294434,0.0001526767675517884,0.00013862800438160534,0.00011277738913114648,0.0001347233480764384,-0.00024388106355183902,-0.00019791593460529125,-0.0002511827985838194,-0.00023603961451998363,-0.00024092336947787224,-0.0002355312450080527,-0.0002346120262480369,-0.00020829825241725996,-0.00023615130296131856,-0.00024945357644703264,-0.00022350478190332233,-0.00022722271452655602,-1.0574104172475883e-05,-6.508566767022071e-06,-3.3578811715398387e-06,-4.822647087765644e-06,-1.5969043432321701e-06,-1.5307757276615102e-06,-6.258186114288342e-06,-9.041807436820606e-06,-1.1637313882147596e-05,1.4733791020208563e-07,-2.3398791966017794e-06,-4.143911917376449e-06,-4.127294274159335e-06,2.2749424671867202e-07,3.1174457212090072e-06,1.9232409762696873e-06,-8.141137714332553e-07,-1.4057503092321757e-05,-9.068167250264352e-06,2.9512160433012435e-06,1.4628849158341276e-07,2.1102935615489233e-06,2.7438530889325017e-06,-4.037400816862062e-06,4.300029509756239e-06,-2.5483561054643184e-06,-1.2416574737998512e-05,-3.424254163580155e-06,-7.75047025006905e-07,-3.9357107718193295e-06,-6.999751826751367e-08,2.94951237288907e-06,6.165272405491097e-06,-6.900020630823588e-06,-1.4782559156326921e-05,1.7533545585975968e-07,-1.0055060130088762e-05,-1.5021226342359417e-05,-3.0957431378177754e-07,7.424110197869396e-06,-4.968448577733161e-07,1.734038880722646e-06,-6.944082076221778e-07,9.108584794251178e-07,-3.1509432965275505e-06,8.586653408925714e-08,-4.457357502279925e-06,-5.879683481736608e-06,-1.0878536216825264e-06,-4.531168013559376e-06,-5.026050896770096e-06,6.290400981610715e-06,-1.7891326775892082e-06,4.386665568789262e-06,9.572093329794608e-08,-5.573154727356567e-06,-9.475487182697665e-06,-5.474388583770911e-06,-4.1847757447723384e-06,-1.308564189039496e-06,-6.192439293579448e-06,7.657401757431991e-07,-3.632743718755716e-06,8.510442133644509e-07,-5.144440359124864e-06,-7.350093375943859e-06
2,-0.000777894148030305,0.0001459045439169566,0.001508363966633192,8.00738873713851e-05,0.00014627193352427121,0.00010305260625700605,9.470738788352382e-05,9.494515426641951e-05,0.00012418966701246176,0.00010524216762324595,0.0001453013105112686,0.00014734589225878956,0.00010108175902964428,0.0001189707598996773,-0.00023237126725569445,3.6183888335150455e-08,-1.306660026459553e-05,-5.064206141468484e-06,-3.7375758611125e-06,-3.307672747753351e-07,-1.0664720040945094e-06,-2.436690016775502e-06,-7.332704465839586e-06,-1.0459926019414469e-05,1.5365566571705565e-07,-4.253690667472978e-07,-0.0002082741791997089,-0.00024460135594359735,-0.00023579623802805877,-0.00024208024233217463,-0.0002361974229023479,-0.00023757781139151565,-0.0002118529924748682,-0.00023896349519354431,-0.00025061264796901703,-0.0002233182890151661,-0.00022907695299772234,-4.289078643483964e-07,4.37820122006833e-07,8.70063896196852e-06,3.3903718984813346e-06,8.457115982855648e-06,6.790448213326337e-06,3.814818070015101e-06,4.2258123718455535e-06,1.3893686408670966e-05,4.773394670333278e-06,6.099695366199482e-06,-2.1794981030138605e-06,7.6777728719683e-06,-1.032368314734524e-05,7.082523956214397e-06,-2.150666426991519e-05,-1.5350274843589128e-05,2.3558111420295097e-06,2.9553441262914857e-06,1.3502632794303082e-05,1.5081051972699007e-05,2.6756421382587864e-06,2.139077231571522e-08,-2.431566720604683e-06,5.389805383768287e-07,8.482458590784516e-06,-3.8077345421347584e-06,7.128277905875858e-06,1.710267009079988e-05,5.896019527072408e-06,7.902610452229007e-06,-2.762812642375914e-06,9.748351063380081e-06,4.135110936806538e-06,6.248822258022883e-06,-5.424745947034331e-06,3.663544803700641e-06,1.1698321714085614e-06,8.128564657393719e-06,7.815494497093865e-06,5.362338683877329e-06,-5.180104319957917e-06,-2.1708927712495846e-06,3.156689448265311e-06,-9.644161058885437e-06,-1.095589449011109e-05,5.0734767347701455e-06,-3.0664931723144927e-06,1.0131281068147337e-06,-1.1434920046191838e-06,1.8824728470825436e-06,-6.631649454443252e-07,-7.150984754589776e-06,-2.010331364856569e-06,-2.9588556234667815e-06
3,-0.0006573041090939155,0.00011488342885283313,8.00738873713851e-05,0.0015654363733764857,7.219547543912285e-05,9.033257828572202e-05,0.00012184317351803306,6.707580517687903e-05,8.291331374496455e-05,0.0001059334052317083,0.00011333228474961689,7.643297441343639e-05,9.511803301315683e-05,9.078903703701449e-05,-4.9789421994481176e-08,-0.0002333166988459936,2.48537856862698e-06,-7.011529792666113e-07,-2.841183580876986e-06,9.36114101887021e-06,2.8277322991191754e-06,-1.5926659788407016e-06,-1.5765499136443212e-05,-3.3633410659520856e-06,-2.2147732308011835e-06,2.111766829013053e-06,-0.00025760936735488935,1.4726257428570506e-05,4.496090440559923e-06,4.076710827042882e-06,9.940954107630775e-06,6.591469286913909e-06,8.493696507692713e-07,8.015084798002038e-07,9.36039551111528e-06,1.060488668226915e-05,5.094241485504429e-06,-0.0002624250886949879,-0.00024411285127158528,-0.0002393426702064985,-0.0002450985021036994,-0.00023431226834876376,-0.00020625554379182127,-0.00023704888995450444,-0.0002582331027314531,-0.00021960907140623832,-0.00022872166212574178,1.4991916461516306e-05,8.556321028301238e-06,1.1405836095171465e-05,9.476840732410253e-06,-9.247924695814338e-06,5.826014006896645e-06,1.1506647792239834e-05,-2.220621783653953e-06,6.625199838882403e-06,-3.1414585033064517e-06,5.8920275600519745e-06,7.430436519629135e-07,-5.169905121503025e-06,-5.869519278979917e-06,9.13844529848488e-06,5.662727529209785e-06,3.4704816181305368e-06,-2.5606754124495014e-07,-3.177042975299947e-06,-4.334862398931834e-06,-5.775507962344444e-06,-6.37368699886655e-06,-1.1528322549241967e-05,-5.876246150353697e-06,1.1132016247133697e-05,1.3159540121690963e-07,2.6121612096858527e-06,1.115611930378957e-05,1.2409771111737681e-05,7.411704926494041e-06,3.891958140619205e-06,6.537275929810294e-06,1.1582904250242137e-05,1.6264915575048905e-06,9.58669517269163e-06,-6.10482551083101e-06,-4.516451253911261e-07,-5.25329180858998e-06,1.0715954004688325e-05,3.9471609700808575e-06,3.4480458844865208e-06,-2.522740915594452e-07,1.1923350128600028e-05,1.2629468963808723e-05,-8.035445840604183e-06
4,-0.0008004208273675702,0.00012449566455513945,0.00014627193352427121,7.219547543912285e-05,0.0015091419382080983,0.00014016310052799617,0.00012368487763245994,0.00014194492947191276,0.0001179790754164031,0.00010539359894459483,0.00015786566086196225,0.0001579396900000586,8.222106023034419e-05,0.00011898268390635857,-8.225189160110754e-06,6.7889359032958566e-06,-0.0002358397010614552,-3.637970591249949e-06,3.490683046718094e-06,-6.436681350933696e-06,5.179717762575554e-06,1.4997458937220312e-06,-1.0455411442983969e-05,-7.92492773015421e-06,5.058063388115286e-06,-1.817205526395967e-07,3.8619613293547605e-07,-0.0002432717234709784,2.8949046481726684e-06,-3.1481830023265246e-06,4.1166014388806416e-06,-1.07572487788084e-05,5.108814275224892e-06,-2.1249356890821454e-05,-1.917986784498105e-05,9.861920497114391e-06,5.33787583499985e-06,-0.00020872081750696538,3.9619122647778225e-06,1.3269522693118634e-05,1.5820799763523166e-06,1.123449243390632e-05,-3.1381274964631e-06,9.017940775802204e-06,1.2904649072099738e-06,9.911881764019721e-06,8.243079570389176e-06,-0.00023366857908353544,-0.0002427161177437042,-0.00023461660137704302,-0.0002374856151380777,-0.0002110786909389086,-0.00024003359057434847,-0.0002464519947645898,-0.0002293951559826162,-0.00023142452148922467,-5.450528269307077e-06,-1.315984571188977e-05,-6.1273320645274254e-06,-1.5710855162835714e-05,-6.8548743496801855e-06,-3.3250601409356584e-06,1.1424766028152315e-05,3.451533015496183e-06,-3.3612080405239213e-06,5.261748566867312e-06,1.0120953699838043e-05,-3.062117337383651e-06,-6.945816859767086e-06,9.802374466069356e-06,-5.16148512785435e-06,3.161110894080873e-06,-3.022321097482426e-07,-7.183573762152339e-06,-1.4760169041127842e-05,6.294574454607833e-06,-1.0067306868922575e-06,4.624274875404503e-06,4.013168860384547e-06,-3.4622395322678533e-06,1.1067125833550959e-05,-6.238644085981394e-07,9.486797424426555e-07,1.009661763998173e-05,4.794520687253013e-06,-4.812238410265738e-06,-6.065186857672429e-06,1.423360700555523e-06,-9.883512489983317e-06,2.1816979523846248e-07,-3.154226788471343e-06,8.495650547578256e-06
5,-0.0007662319292476963,0.00013880216987003998,0.00010305260625700605,9.033257828572202e-05,0.00014016310052799617,0.001515321200056512,0.00013061113826945612,0.00011009814887822869,0.00011081722335239205,0.00012793851611868216,9.919206132960751e-05,0.00013314374944547615,8.84018374145199e-05,0.00011894705460471402,-5.650862725031418e-07,3.0548256427312673e-06,-2.8657447157701033e-06,-0.00023564950756144686,-2.246015584020362e-07,4.867874422405797e-06,6.694248443926296e-06,-4.59159997017876e-06,-5.760175432749227e-06,-1.2765107451677944e-06,-1.1440019809380658e-05,-1.2976575647277823e-05,-4.165111016794892e-06,6.159445974440315e-06,-0.0002457026503424072,1.1639457961463241e-05,1.6123778870636706e-05,2.315530039057496e-06,-2.5009488017915916e-06,6.4664661787987425e-06,-7.107129339521878e-07,8.202244311470599e-06,-4.705937008591324e-06,9.548667965133248e-07,-0.0002042725355883036,-3.2223353716759374e-07,-6.1469413671617386e-09,6.495706296288516e-07,-5.957687562161039e-09,4.340568014166042e-06,2.884938078291456e-06,8.850539786593929e-06,2.64994880046398e-06,-0.00024477398089755686,-6.264228616264199e-06,-9.805576434890934e-06,-7.246711925650493e-06,-1.6464845079638788e-05,2.2088795840537673e-07,-4.616245842203489e-07,4.634417519381979e-06,6.535178959166127e-07,-0.00023990003488216397,-0.0002379035471835691,-0.0002348085275556388,-0.0002098730129363603,-0.0002451077669050987,-0.0002487608117471672,-0.0002213027177221561,-0.0002289323565319806,-5.313026376853462e-06,4.819324230767027e-06,-7.6660517747562e-06,1.1689493822249515e-06,-1.068627692824826e-05,7.76468183399973e-07,-1.1492053279561997e-06,3.7575005682850486e-06,-3.686847894484478e-07,7.681898802527164e-06,3.1171274560751905e-06,1.4202523847452193e-07,2.293830433252429e-06,-8.865999835949282e-06,9.497601265884394e-06,2.360231960435685e-06,4.307081853810985e-06,7.604990447762819e-06,5.018484770422128e-07,2.7148113357096713e-06,6.402174840837702e-06,-1.3940529034835115e-06,6.321561518245461e-06,1.625369582484261e-05,8.325023356315573e-06,-2.2706194703771084e-06,-8.030659988869892e-06,8.444342284080976e-06
6,-0.0007601273147397059,0.00011391311379481341,9.470738788352382e-05,0.00012184317351803306,0.00012368487763245994,0.00013061113826945612,0.0015092195660801676,0.00013201957101752174,0.00010853444429065098,7.300050342480855e-05,0.00012397192540319126,0.00013486234925154164,0.00012014285583388811,0.00012068257518078037,2.416566254928487e-07,-3.339957781723052e-07,2.9696654348334257e-06,-4.792232471243126e-07,-0.000235607281553682,-1.9592351983108312e-06,7.723545133768879e-06,3.2019482413714246e-06,1.4372098696875622e-06,-1.6451787261774677e-07,-2.4789303019668214e-06,-6.910409468895021e-07,-2.5174937846997982e-06,3.1441944819810527e-06,1.2902999362739809e-05,-0.00024679796321064063,4.476992230529662e-06,1.4949941055396915e-05,4.429577993658509e-06,7.0454949962377975e-06,-2.482659231556511e-06,8.154737520545646e-06,4.961449639334464e-06,1.0979359095723715e-06,-6.7933865310553735e-06,-0.00019743838502320101,-8.171379643689285e-06,-4.522370830209444e-06,-6.305476046046165e-07,-5.109509874664102e-06,-1.0509931788689449e-05,-8.463343742941697e-06,-5.600908567830296e-06,-1.9678738211722345e-06,-0.00024845572666369126,-3.881462054360734e-06,4.119144167741436e-06,9.364903032584967e-06,-4.324289927266324e-06,-3.066241737062309e-06,2.3939168482335073e-06,-6.8449131476123394e-06,-0.000235638793327113,-8.906642488383102e-06,4.5400977663435495e-06,-6.176361565997432e-06,-7.290400036941419e-06,-9.671485881113377e-06,4.448254908201027e-07,3.4333934628166605e-07,-0.0002334852569194257,-0.00023431496264709266,-0.00021051741327939954,-0.00023680924596355114,-0.00024895667975968495,-0.00022146569856249686,-0.0002302331776257893,1.7782645589669558e-06,3.1552687677922824e-06,-8.441165422557506e-06,2.339593865986592e-06,-8.78289333150007e-06,-7.598966111792211e-06,1.3973593381177966e-05,-1.1384258623784014e-05,1.9198056301389084e-06,-6.869757583234632e-06,-3.7080036830482007e-06,1.2105228002772505e-05,7.535279459837004e-06,1.4276373620569173e-06,1.6722168155834784e-05,-1.4822250787810877e-06,1.5880483863072562e-06,4.4423733603373495e-06,4.683262220284086e-06,-2.8958748094167526e-06,-3.2923937509623434e-06
7,-0.0007520535849872899,0.00012362212491954933,9.494515426641951e-05,6.707580517687903e-05,0.00014194492947191276,0.00011009814887822869,0.00013201957101752174,0.0015141491735031478,0.00011326956790791139,7.491900806951234e-05,0.00013250657200497998,0.00015213768741587777,0.0001115721848328166,0.00011391802371847192,2.2120476509687224e-06,1.2169702327302579e-05,-8.095293850734055e-06,2.7556431578702964e-06,-3.5489627359680645e-06,-0.00023477682860651388,-2.48667490661182e-06,3.67881669543646e-06,-3.7373839935253525e-06,-3.733880789463062e-06,-3.844928935332844e-06,-2.5321823578464785e-06,1.8977581667471222e-06,9.413391336428135e-06,1.640115411140852e-05,2.773400089427953e-06,-0.0002452774500706182,2.7781477862558104e-06,-2.3859422753115692e-06,4.057785313828844e-06,-2.872558265929362e-06,9.181575263800648e-06,8.637060898323484e-06,-1.049643465910063e-06,2.6848665559268343e-06,7.373996925954863e-07,-0.0002059944225910762,7.902044345484385e-06,8.362825013922226e-06,6.481440969094557e-06,3.333156418311623e-06,1.7704727617447788e-05,7.443127434659795e-06,-9.850006408617197e-06,-7.1338339066216275e-06,-0.00024517128008341667,9.29256862270539e-08,4.012100475909862e-06,-7.002322777063458e-06,-1.3698031230560979e-05,3.0355134672132484e-07,-2.0556865841108246e-06,-7.8598858810595e-06,-0.00023727009517988907,8.286599486782768e-07,5.115838376070714e-06,1.1818920469133715e-06,7.317563673098983e-07,2.4162845378957295e-06,4.235721052956352e-06,-0.0002371511058951917,6.579061359072579e-07,7.486547411510815e-06,-6.740536162740834e-06,-1.2186970922137288e-06,-6.411703076208704e-06,-8.60479473184073e-06,-0.0002318466019050572,-0.00021459171081168372,-0.0002387518292692477,-0.0002460112366793326,-0.0002243882896950117,-0.0002302430347348608,9.02605322895783e-06,6.251175891161778e-06,-9.681087537458992e-06,-9.611610225868305e-06,-5.610225263023763e-07,8.360028670045617e-06,5.175269081591847e-06,3.0455131729770405e-06,5.929550996282472e-06,-1.9006261693987048e-05,2.197279670504388e-06,-1.3670367604208027e-06,-5.95082931489739e-06,-5.573631620336446e-06,-5.5072659212676126e-06
8,-0.0007341475174469293,9.810568294308008e-05,0.00012418966701246176,8.291331374496455e-05,0.0001179790754164031,0.00011081722335239205,0.00010853444429065098,0.00011326956790791139,0.0015139928804411118,9.716835054277597e-05,0.00010295953671086191,0.00010832006651487273,0.00010950181567417754,0.00010941236049385549,3.172085362242041e-06,4.8135582755731714e-06,4.397858581574529e-06,5.080279908492541e-06,5.833080091780835e-06,-1.7991986531766351e-06,-0.0002342689258057633,6.536420458965293e-06,1.0201852886175503e-06,5.6140037900924066e-06,-1.1112508956315214e-06,-1.1372870236978814e-06,7.499135358544186e-07,-4.804759010946232e-06,2.960338218814563e-06,1.514993849910756e-05,4.071699077160151e-06,-0.00024723234417849734,-4.468648498511372e-07,-4.039023513462496e-06,-1.2877569778996507e-06,2.4153932870938158e-06,-6.451223930274363e-06,3.2695125626310754e-06,-1.280259745603724e-06,-9.35965841255878e-07,3.2611503392682936e-06,-0.0002016543212376424,3.6285463686854946e-06,9.831300214012215e-06,8.416107157340588e-06,5.418087201109491e-06,1.1376436309489012e-05,-2.6733257788134295e-06,4.528595169359709e-06,3.7502978622523557e-06,-0.00024901791022529176,4.275176385206689e-07,5.156261471376697e-06,1.1804589608167904e-06,4.537235871615749e-06,3.4544289540921514e-07,5.691106600607108e-06,3.2157529789193034e-07,-0.0002358413388600624,-1.1482850754354527e-05,4.094331519854735e-06,3.0666764774561843e-06,5.393104873454249e-06,1.0663939009681829e-05,2.8188258627469645e-06,-0.0002386748234224604,1.0407665608601097e-05,-1.020002792445822e-05,2.396565482178098e-06,-5.849207882432929e-06,-2.2866869971569846e-06,-0.00023331777299891634,1.3350843773727162e-07,7.060367931155723e-06,-5.533948156373174e-06,-1.0394975090332755e-05,1.7328643350718139e-06,-0.00020670813679734122,-0.00023903875335397836,-0.00025016655140917555,-0.00022248256048052308,-0.00023187810927157777,6.557667839256044e-06,1.6789619944909735e-06,2.289781502133802e-07,-2.3708530943893585e-06,1.3595543657264558e-05,-2.556433756700057e-06,6.905790569325879e-07,1.3722578864478404e-07,1.5788919649996332e-06,5.910130961023575e-06
9,-0.0006794608213309025,0.00011650079408294434,0.00010524216762324595,0.0001059334052317083,0.00010539359894459483,0.00012793851611868216,7.300050342480855e-05,7.491900806951234e-05,9.716835054277597e-05,0.001545895805310779,9.171137029620409e-05,7.689052148472718e-05,0.00010499956006235712,7.43932714229846e-05,-8.369496618909665e-07,-1.0806312580689508e-06,-2.563396272041401e-06,-7.34407874580394e-06,4.250419858115652e-07,2.00399485639942e-06,4.29658415575188e-06,-0.00023278435482762416,-4.158867778893764e-06,-1.333614239921668e-06,-5.130747644041938e-06,3.752693377560368e-06,-3.4070661359960506e-06,1.2910465382647002e-05,2.529185472519463e-07,6.2182402754573475e-06,5.453931075057641e-07,1.1856131062094327e-06,-0.0002495271469824228,-6.776832243628169e-06,1.0282111873819132e-05,-3.5481139570016052e-06,4.838679515653137e-06,-1.4399694002659576e-05,-7.14946124596813e-06,3.305953644036133e-07,2.3805273383622584e-07,1.0282558255298482e-06,-0.00019816397355061215,-2.081952710372324e-07,-1.5892820150201865e-06,-3.513380691299701e-06,1.2837725588075327e-05,-1.1508668152310073e-05,1.0985670092926873e-05,9.287333581007067e-06,1.7643604802256534e-06,-0.0002509415030538298,4.364243318528988e-06,1.8128307102274407e-05,-1.312671287413045e-06,-2.8540344693447527e-06,-6.194869630397533e-06,4.589490821676805e-06,-1.1824715644361576e-05,-0.00023559636481710643,-1.7228436775381984e-06,8.112696480822706e-06,6.067884358189408e-06,1.9222226713656757e-06,1.1581781765408495e-05,1.2231036781743441e-05,-0.00024263189386194232,1.7393990826422012e-05,1.1584037621549201e-05,1.5129515183534294e-06,1.957263954205148e-05,8.984244601297795e-06,-0.00024391733903597065,1.1976862246882093e-05,1.2381165618433539e-05,1.7887881260208127e-06,8.788170787185207e-06,-0.00023254507746777573,9.918675910677816e-06,4.636627039362039e-06,-7.591048095317442e-07,-2.4752685308442024e-06,-0.00024313819003200866,-0.0002552450294756747,-0.00022139250410928898,-0.0002332735733332023,4.511512557220561e-06,-4.2713220776830817e-07,9.925451819398409e-06,3.843711800620413e-06,8.367602033836755e-06,5.5398618288695565e-06
10,-0.0007778057935226671,0.0001526767675517884,0.0001453013105112686,0.00011333228474961689,0.00015786566086196225,9.919206132960751e-05,0.00012397192540319126,0.00013250657200497998,0.00010295953671086191,9.171137029620409e-05,0.0015124002125373472,0.00014529726930136445,9.82408857496653e-05,0.00011791629801206701,-7.0056357467022845e-06,-1.5523101107772217e-05,-1.4570871660535058e-05,-1.0296679192781287e-05,-1.855156367183047e-06,-6.551186742097061e-06,-1.7259853495192418e-06,-4.339663631695107e-06,-0.00023219877627837643,-8.469974740952336e-06,5.924663324048064e-07,-1.6915967656849346e-06,-7.821944121371987e-06,-1.8612839636340304e-05,4.6539604813038095e-06,3.33602575789176e-06,2.4517725339830526e-06,-7.332358271428156e-06,-1.066469240837205e-05,-0.00024471089588963736,-4.699608383894265e-06,2.5852801876407917e-06,-1.37471583522183e-07,-3.1870665803693905e-06,-3.5203885985749936e-06,-5.007379228393726e-06,-3.040453894124805e-06,5.189775586505382e-06,-2.3377440078427924e-06,-0.00019709749044134563,-4.111253332959723e-06,6.671751157195453e-06,-7.527120684001375e-08,2.35370456010267e-06,-6.3731828574351846e-06,-5.4729175372569425e-06,2.496714412084798e-06,1.4970714794065538e-06,-0.0002469711615869058,-5.435641819463359e-06,-4.004794213396971e-06,-1.1475922395242844e-05,-1.2770052099642165e-06,6.019793659311992e-06,9.825987807118266e-06,2.982847092961579e-06,-0.00024163563304377785,4.291094507684295e-06,1.7717302834231023e-05,8.516430972670594e-06,-6.901013561067655e-06,-1.0962296329571722e-05,1.3622565630928166e-05,-0.0002373782475003181,-4.776316712374959e-06,3.272094970392707e-06,2.7942541250969057e-06,8.78252618853741e-06,4.764702268160073e-06,-0.00023488946320155435,-1.823812483790919e-05,5.321611069062493e-07,-1.3028839140852117e-06,1.1901276607354795e-05,-0.0002346433090050384,8.71545897951619e-06,-1.6122479256441028e-06,-2.3530385630481136e-06,-0.0002125899964268191,-2.0217127378694505e-06,1.0063646912227063e-06,6.639593977992074e-06,-0.00024648455939850847,-0.0002236450847706049,-0.0002299203916260586,-6.201279098745398e-06,-9.65738774959475e-06,1.4756906215493677e-06
11,-0.0008035004023098985,0.00013862800438160534,0.00014734589225878956,7.643297441343639e-05,0.0001579396900000586,0.00013314374944547615,0.00013486234925154164,0.00015213768741587777,0.00010832006651487273,7.689052148472718e-05,0.00014529726930136445,0.0015040512976776553,0.00011323077878689909,0.0001269072671771028,-7.008441795267842e-06,-8.69256300225096e-07,-9.537648173641708e-06,-2.9155303522344632e-06,-1.8471159216563704e-06,-3.833358302433818e-06,4.73932123316153e-06,4.5181596647993624e-07,-5.992539517121818e-06,-0.0002353411462441506,1.59810618446345e-06,-1.382880048230691e-06,1.7018235696238432e-06,-1.4779319853983562e-05,-1.277869700555787e-06,-3.9060207208882734e-06,-3.037098232879935e-06,-3.076137191131364e-06,7.076941605285048e-06,-2.829707595247503e-06,-0.00024766439656182546,-6.012737595265031e-06,-3.5449272392195986e-07,-2.5381653253426164e-06,4.121005613584773e-06,-2.136296110406346e-06,1.4985372084232789e-06,1.1563837861867478e-05,4.712884966010584e-06,4.325207456793958e-06,-0.00020508871339495514,1.7349023696746564e-05,1.3043464809663974e-05,-5.627010518406861e-07,-7.768056376452412e-06,-1.553035313010984e-05,-3.7816463147189103e-06,1.3007867668194715e-05,-8.739006507451859e-06,-0.00024463344326030207,-4.740131980120715e-06,-3.7473860001635747e-06,-1.0562371227142694e-05,-8.366692761705857e-07,3.0286532462092272e-06,5.4310531334215375e-06,-3.5969696921191286e-06,-0.0002346416758340977,-8.16912459401963e-07,-6.0069508956317075e-06,5.438361116260445e-07,2.7582961926481167e-06,9.698308066313607e-06,-1.96386675211151e-06,-0.00024041005566112145,8.007177224107553e-06,-2.3028642038306914e-06,-6.113354703945671e-06,2.6127444424728172e-06,-2.0643024229780805e-05,-0.00023293276836991098,-6.040176116790248e-06,-4.836810511757771e-06,7.962810775499289e-06,8.490008814941661e-06,-0.00023523278720298467,2.25816228751045e-06,-1.862080794949273e-07,-1.994500607048208e-06,-0.0002128770483145001,6.084876938814403e-06,6.23142798259309e-06,-0.00023586382687485093,-4.502060431508079e-06,-7.5616093499878095e-06,-0.00022505774835980048,-0.00023182463870396233,1.2147578692645673e-07
12,-0.0007126970767585056,0.00011277738913114648,0.00010108175902964428,9.511803301315683e-05,8.222106023034419e-05,8.84018374145199e-05,0.00012014285583388811,0.0001115721848328166,0.00010950181567417754,0.00010499956006235712,9.82408857496653e-05,0.00011323077878689909,0.0015273126503921879,0.00011418807070793057,4.436160836971508e-06,8.520624279575731e-07,5.1186620639177584e-06,-1.1497383928258136e-05,-1.9877016849143088e-06,-2.572671024641886e-06,-5.686872013001176e-07,-2.1677720038016824e-06,5.078288681873767e-06,3.35466156634364e-06,-0.0002353977896155919,-4.90746988798011e-06,3.4028111829241146e-06,1.4191527525367412e-05,8.295541591644361e-06,8.087920936623999e-06,9.2420241902442e-06,1.5591174008844505e-06,-5.871586724529366e-06,4.624506837150142e-06,-6.0301350271225455e-06,-0.000247083792921524,-2.5368589512378694e-06,-4.058833187036685e-06,1.924951576646125e-06,-9.657375290826084e-06,9.033140839494358e-06,1.440909111299854e-06,-3.654766621183129e-06,6.661549383940516e-06,9.120837878915981e-06,-0.000196315736449764,-7.523670295865844e-06,1.4509768240296896e-05,8.45787426025146e-06,9.96802033682924e-06,1.0863108872155471e-05,3.513262873802085e-06,3.9875946026139755e-06,6.7442105388731136e-06,-0.00025513494748474855,7.473292732026898e-06,6.800601689594823e-07,9.819522608768192e-07,4.962406707812142e-06,5.521816301115531e-06,1.1681672461888722e-05,-1.494388995224515e-08,-0.0002357580893585936,1.0094214853738928e-05,-4.462489226988371e-06,-6.5765625317842005e-06,-4.090575078647087e-07,4.104473356074704e-06,6.635286979374439e-06,-0.00023889293598523595,-4.275043991784784e-06,-6.325845219067989e-06,-2.8027569497200073e-06,2.7535679791962183e-06,-1.2171694400103421e-06,-0.0002373948055550471,-6.415840596943564e-06,1.5725492028678904e-06,-1.924188831314015e-06,1.5057856692734553e-06,-0.00023477843348699494,2.595651543214771e-06,-2.1565865879071426e-06,1.6624304223712196e-06,-0.00020860801672081128,1.9868605655958775e-06,-4.7603549922465733e-07,-0.00023971160638288293,1.0247290565424135e-06,-0.00025052559511672893,-1.5289419900560748e-06,-0.0002293583596067269
13,-0.0007509407188817856,0.0001347233480764384,0.0001189707598996773,9.078903703701449e-05,0.00011898268390635857,0.00011894705460471402,0.00012068257518078037,0.00011391802371847192,0.00010941236049385549,7.43932714229846e-05,0.00011791629801206701,0.0001269072671771028,0.00011418807070793057,0.0015191953324734414,2.3484891293966816e-07,3.59762621740526e-06,-3.563095493829577e-06,-1.6787090960739202e-05,-3.17275178392714e-06,-4.257587886715448e-06,-3.5262911947302466e-06,4.326405374856086e-06,-7.320085228774313e-07,-3.250595047208394e-06,-7.834228700581202e-06,-0.00023277041247133425,-3.0498781656685255e-06,9.73434002534522e-06,-5.168838720095971e-06,3.6723961786259257e-06,8.24883741333918e-06,-8.257172198071226e-06,1.4744019508576487e-06,9.562280519826072e-07,-5.630372301646907e-07,-3.0046416372881485e-06,-0.00024554357903506325,1.3855090855115157e-07,-1.1158081136599275e-06,-1.5862654641798933e-06,2.043360902279383e-06,1.178686050662326e-05,1.5927402862738796e-05,3.7125854578118746e-06,9.03447986772169e-06,-3.098298310838606e-06,-0.00020086841003679232,6.775036548135652e-06,-5.466553453337243e-06,2.7954041771617737e-06,1.1948204912160469e-06,-3.422488612686529e-06,-9.131000354645586e-06,1.6436861884414682e-06,2.323740708059646e-06,-0.0002492400790523642,-4.440383516479887e-07,1.919605137942672e-06,1.010703186587965e-05,4.7298715695181824e-07,2.2801065043301233e-06,-6.146843380622848e-06,9.404290419813186e-06,-0.00023487750545878885,-5.092142962140813e-06,-1.027441433551012e-06,1.8666547695122654e-05,5.912136600414146e-06,-1.065719861801278e-06,-2.68912440887402e-06,-0.00024074319517085067,4.382235314272049e-06,3.418805885206377e-06,-4.3263247487447534e-07,-1.1359648307561826e-06,-7.293216921465042e-06,-0.0002362832709732382,2.936465865427589e-06,3.436969006848692e-08,2.2703482293304195e-06,4.568362549861424e-06,-0.00023666672959187152,6.733187932290843e-06,5.411166969700799e-06,5.253532230870203e-06,-0.0002116332646588329,-4.4784224115537786e-06,2.59542372413908e-07,-0.00023866258985873998,-2.3259940855351e-06,-0.0002502913341047647,-0.0002220600724025776
1 2,0.00012416897825405341,-0.00024388106355183902,-0.00023237126725569445,-4.9789421994481176e-08,-8.225189160110754e-06,-5.650862725031418e-07,2.416566254928487e-07,2.2120476509687224e-06,3.172085362242041e-06,-8.369496618909665e-07,-7.0056357467022845e-06,-7.008441795267842e-06,4.436160836971508e-06,2.3484891293966816e-07,0.0004758218001995973,-1.608046309910112e-05,9.555228792816058e-06,9.917496985391295e-08,-3.4815469404600503e-06,-5.502594042041949e-07,-2.1371917692704764e-06,-4.975008739042906e-06,3.0893932088283084e-06,-2.35475924234612e-07,-1.0920267070254363e-06,9.145869989121961e-07,5.355905845972808e-06,-3.099472637717744e-06,-2.3004399348023963e-06,-1.3287959650543392e-06,1.5428006666908248e-06,-4.830523201285821e-07,3.1046982508723795e-06,5.832324830439827e-06,1.7679531323473814e-06,-2.0808622952743086e-06,3.5258638207244025e-06,9.353806793742435e-08,2.972854263897441e-06,-2.3318939839838046e-06,-1.7916493332882793e-07,2.8304871310556757e-06,-1.1648753939571841e-06,3.43910719152141e-06,3.640392117077587e-06,-3.6082400380334927e-06,-1.4505211035991602e-07,1.98769647841461e-09,2.783102106542929e-06,2.9962896903061788e-06,-2.4012930575912177e-07,-1.1494187194214702e-06,1.1340069095769997e-05,2.847195798132333e-06,1.0618864070144674e-06,-1.3949469570243327e-06,-3.0645746989531265e-06,-2.1482615224563824e-06,-2.622946867632815e-06,3.613735322762712e-06,2.0702260868656597e-06,6.461631193437565e-08,2.6921658785024e-07,3.938222561524991e-06,9.037665943364858e-07,-5.294079840197355e-06,1.8730093794486881e-06,-2.20489142105868e-06,1.918613026234714e-06,1.4825679342212757e-07,2.814980737490524e-06,1.9194244201753844e-06,-5.196461404824464e-07,-8.124067548191967e-07,-1.0218160205613283e-06,-3.2524096606975883e-06,-3.062002657594229e-06,-2.2925529375376624e-06,-2.9990902936435765e-06,3.5273237747366126e-06,4.605448243403487e-06,-1.0895341737494934e-06,3.0195993335264664e-06,-2.663249373245856e-06,5.260125409040028e-06,1.0927259911540762e-06,-1.2557914453898523e-06,-7.798840572434688e-06,-1.990726101355484e-06,-1.7595220964659507e-06,1.4588995670523525e-06,-1.7431916375418442e-06
1 3,9.902099259388828e-05,-0.00019791593460529125,3.6183888335150455e-08,-0.0002333166988459936,6.7889359032958566e-06,3.0548256427312673e-06,-3.339957781723052e-07,1.2169702327302579e-05,4.8135582755731714e-06,-1.0806312580689508e-06,-1.5523101107772217e-05,-8.69256300225096e-07,8.520624279575731e-07,3.59762621740526e-06,-1.608046309910112e-05,0.00047927078398506785,-1.6822442664501215e-05,-7.80374474747512e-06,6.395205499045682e-06,-1.2474675414825942e-05,-2.0331770692520753e-06,5.032005961092805e-06,8.126703290935578e-06,-9.717560065020931e-06,7.186186860458176e-06,-2.329360998740204e-06,5.919706672234464e-06,-1.4840929565162832e-07,2.7947487770238642e-06,-2.232159889748934e-06,-7.957141978719506e-07,2.9238164706175523e-06,-7.39715114162648e-07,3.4890122093090265e-06,3.2859726141922586e-06,-2.563720194580228e-06,-2.542300997867176e-07,-3.1595348676787706e-06,-2.3940058927737e-06,-1.5141478440366716e-06,-1.9769739736833478e-07,-4.4124418214156613e-07,5.031231531388614e-06,6.789612107756552e-06,3.0365705848469727e-07,-1.0471619771872503e-06,3.0487381586846706e-06,1.092138644485106e-06,-4.473320360637008e-06,1.8330894560780377e-06,5.677000599136311e-06,8.501662199814097e-07,-2.9874869224011887e-06,5.223704456092494e-06,-1.0291034634612298e-06,9.674697254466748e-07,-9.306390063325359e-07,-2.0585697073677775e-06,-4.61667279351312e-06,4.3237861063559367e-07,1.2740618704282583e-06,-1.0504105644131758e-06,3.1175374588709697e-07,3.7363651371440036e-06,-4.193872702183037e-06,2.5167399946051834e-07,3.536797534944227e-06,3.926456191957356e-06,-8.522738832601466e-07,1.2392864986833306e-06,-2.969992074366369e-07,-4.240885652831621e-06,8.970949649716208e-08,3.324693241087255e-06,-1.9104220053070686e-06,-4.236260667512108e-06,-4.987567241341527e-06,-3.677026403237751e-06,3.404585586262759e-06,-3.715249951225098e-06,-3.6593021110248367e-06,-2.28647085894943e-06,3.0797689483389645e-06,6.623600971088294e-06,-4.915091919320588e-06,-7.660602863332288e-06,1.963967688749455e-06,8.826792718171204e-06,-3.23397021849945e-06,1.0038412012512705e-06,-2.614667759544869e-06,1.3879800924779634e-06
1 4,0.00012766930462953944,-0.0002511827985838194,-1.306660026459553e-05,2.48537856862698e-06,-0.0002358397010614552,-2.8657447157701033e-06,2.9696654348334257e-06,-8.095293850734055e-06,4.397858581574529e-06,-2.563396272041401e-06,-1.4570871660535058e-05,-9.537648173641708e-06,5.1186620639177584e-06,-3.563095493829577e-06,9.555228792816058e-06,-1.6822442664501215e-05,0.0004770583773541178,6.719064566901611e-06,-1.4650579192060498e-06,6.407786152585351e-06,-2.0104855404653456e-06,-3.1277595168397057e-06,2.7892880756860117e-06,8.450739697395592e-06,-1.4206177044903034e-05,-3.3308826598174724e-06,1.5225414583932187e-09,6.269246823380933e-06,7.707277786277928e-08,2.506532436787224e-06,3.0343159809268483e-06,-1.5377159100356072e-07,-7.637495144220655e-07,1.1358222704810614e-05,2.9459932421479047e-06,4.395365201301355e-07,-1.5406811885969457e-06,5.281988037643511e-06,1.117602478124711e-06,-4.284279227655592e-06,2.070779548067727e-06,5.011020872660579e-06,8.603787208117328e-07,-2.7856280713698967e-06,5.3414854036286044e-06,-1.0681357483020431e-06,6.438456998130837e-07,-2.6670055707049187e-06,-2.066992902716118e-06,3.722638261575584e-07,-8.036703718855358e-07,4.101864397882742e-06,5.528220200032718e-06,2.569756275750317e-07,-2.0417315082692788e-06,3.8235670797271e-06,6.569097851561102e-07,6.662686692147135e-07,2.500252402299224e-06,2.24769669296498e-06,-1.6620753524548604e-06,-4.825444043726229e-06,2.269229581136707e-06,1.5718044731521626e-06,-5.872284153762036e-07,1.2843339206329598e-07,-4.7252539522605915e-06,-4.991180879467214e-06,6.149754899701889e-06,-4.386775722169068e-07,3.632058535380453e-06,-6.005217596083161e-06,2.462829807103389e-06,1.7020913028942885e-06,2.841106215662614e-06,3.6851288073852823e-06,3.2306883127192235e-06,1.798713011486965e-06,-9.986043492960688e-07,7.182291093828105e-07,-1.6991671437282432e-06,-3.561211711005964e-06,2.884402608465253e-06,-9.891623555398642e-07,1.3553406328641074e-06,-3.156668761913523e-07,2.830205312422335e-06,4.36019606412497e-06,6.835130011764574e-06,-1.0521567212870248e-06,6.597838230974743e-07,8.000231015976795e-07
1 5,0.00013156840254521953,-0.00023603961451998363,-5.064206141468484e-06,-7.011529792666113e-07,-3.637970591249949e-06,-0.00023564950756144686,-4.792232471243126e-07,2.7556431578702964e-06,5.080279908492541e-06,-7.34407874580394e-06,-1.0296679192781287e-05,-2.9155303522344632e-06,-1.1497383928258136e-05,-1.6787090960739202e-05,9.917496985391295e-08,-7.80374474747512e-06,6.719064566901611e-06,0.0004745440744873886,-5.441762337102467e-07,-3.1419924069168064e-06,-7.87301148852826e-07,-6.309007634448855e-07,-1.276539897341697e-05,2.8352949516129183e-06,1.7662520381690555e-07,1.0558807788853943e-06,2.5786775727274683e-06,1.6128159221315828e-07,6.508265964892002e-06,-3.1436746711265893e-06,-1.927208697099915e-06,-2.4259076732005377e-06,3.40631089811569e-06,2.2377228052798536e-06,5.054184759173565e-08,1.2263618958373676e-07,4.198435870723707e-06,1.4623472058313827e-06,5.154579938936713e-06,-7.068395005043627e-07,-1.9191405351092983e-06,-4.669256953846346e-06,3.5061831536779915e-07,1.0473382280447156e-06,-1.2417909193807116e-06,5.116274746464744e-07,3.5372212763736926e-06,-2.8241395658557392e-06,8.054049540165756e-07,7.82366034868132e-07,2.7565475461625677e-06,2.504514482443734e-06,-1.6526519955908511e-06,-4.579806484557427e-06,2.1121205041799012e-06,1.7000884009265644e-06,-2.109872020483181e-06,1.09727230328639e-06,3.1165270586698823e-07,4.064765894168696e-06,5.664161333991021e-06,7.41243279660352e-07,-2.3778772058408877e-06,4.248577815237372e-06,-6.121156406919935e-07,-4.748997928652845e-06,-4.070143136052616e-06,2.2157153876068972e-06,3.823128402931306e-06,3.072385585747603e-06,4.821512554476501e-07,-3.0352592901875482e-06,-2.2267900133401745e-06,2.103575710362259e-06,-1.9800814164048786e-06,7.230747320271415e-07,-1.6250371379353838e-06,-3.3008453197655213e-06,1.599026042696448e-06,-2.505511293583905e-06,-1.1257532022880893e-08,1.7813086849510072e-06,4.911769966353876e-06,1.1082765585341393e-06,4.893282223029746e-06,2.8852498275077077e-06,4.5786100735335313e-07,9.402590032103582e-07,5.049045870139644e-06,9.608755356934241e-06,2.288679240564008e-06,2.8067224708750474e-06
